44 3 -1
79 39 -1
68 52 -1
103 85 -1
174 71 -1
71 8 -1
204 184 -1
184 148 -1
221 158 -1
158 144 -1
144 127 -1
272 218 -1
218 157 -1
157 135 -1
135 110 -1
345 296 -1
296 209 -1
388 371 -1
259 247 -1
247 192 -1
366 278 -1
278 243 -1
243 106 -1
106 80 -1
80 49 -1
327 316 -1
384 375 -1
447 390 -1
508 504 -1
469 419 -1
429 343 -1
524 473 -1
477 404 -1
405 143 -1
143 111 -1
433 319 -1
319 298 -1
468 262 -1
495 380 -1
522 396 -1
494 437 -1
662 612 -1
615 585 -1
607 454 -1
454 346 -1
658 554 -1
580 504 -1
760 665 -1
665 593 -1
593 546 -1
755 670 -1
670 548 -1
548 333 -1
333 267 -1
267 257 -1
788 758 -1
600 515 -1
684 440 -1
855 826 -1
773 624 -1
624 545 -1
747 361 -1
883 739 -1
850 708 -1
708 572 -1
857 771 -1
877 555 -1
555 301 -1
301 230 -1
230 164 -1
164 100 -1
100 81 -1
719 661 -1
510 265 -1
718 411 -1
564 330 -1
985 742 -1
742 295 -1
295 222 -1
652 293 -1
293 274 -1
1066 949 -1
1064 1032 -1
816 402 -1
402 147 -1
1043 952 -1
952 911 -1
329 8 -1
1056 930 -1
930 681 -1
1122 787 -1
787 529 -1
529 369 -1
369 166 -1
382 300 -1
814 786 -1
1184 906 -1
906 260 -1
260 159 -1
159 102 -1
102 56 -1
1127 950 -1
1068 790 -1
1113 559 -1
1320 1238 -1
1238 1048 -1
1010 900 -1
900 825 -1
825 602 -1
602 488 -1
778 505 -1
90 6 -1
858 409 -1
1344 1252 -1
104 50 -1
1189 1083 -1
1083 1071 -1
418 283 -1
818 439 -1
1322 994 -1
1202 641 -1
721 575 -1
1148 710 -1
710 535 -1
715 340 -1
340 180 -1
1131 1007 -1
937 769 -1
769 347 -1
869 584 -1
93 91 -1
561 470 -1
720 528 -1
456 264 -1
264 198 -1
1636 1310 -1
1598 1562 -1
1333 531 -1
1608 1115 -1
652 293 -1
293 274 -1
1662 1548 -1
1548 1428 -1
1514 1335 -1
1335 1026 -1
1026 918 -1
1309 791 -1
1268 1069 -1
1251 970 -1
1494 1285 -1
830 149 -1
1248 1179 -1
1615 1284 -1
1284 946 -1
1181 898 -1
1731 1328 -1
1901 1136 -1
1811 1584 -1
1689 1263 -1
797 365 -1
1853 1537 -1
1533 311 -1
1363 575 -1
252 224 -1
1591 1080 -1
958 701 -1
1527 1129 -1
1930 1151 -1
1935 1799 -1
1632 1242 -1
1242 400 -1
1726 1701 -1
1944 1355 -1
1355 922 -1
1326 193 -1
727 58 -1
58 22 -1
1847 896 -1
1835 1191 -1
1191 475 -1
2187 1994 -1
1994 1617 -1
1617 1330 -1
1330 1168 -1
1424 1275 -1
1622 1291 -1
1291 1060 -1
2096 1384 -1
1384 643 -1
2026 1778 -1
1778 1571 -1
868 723 -1
1770 749 -1
1660 1431 -1
1431 1178 -1
1178 967 -1
967 776 -1
776 713 -1
1573 1397 -1
2278 2227 -1
2227 2121 -1
2121 1989 -1
1790 1511 -1
1010 900 -1
900 825 -1
825 602 -1
602 488 -1
2203 1760 -1
2122 1757 -1
1757 1555 -1
1659 1421 -1
1421 1366 -1
1366 1312 -1
868 723 -1
1389 843 -1
843 460 -1
460 210 -1
210 154 -1
154 142 -1
2220 1507 -1
1830 1383 -1
609 460 -1
460 210 -1
210 154 -1
154 142 -1
2289 2249 -1
1542 1452 -1
1452 1350 -1
2311 1548 -1
1548 1428 -1
1870 372 -1
372 143 -1
143 111 -1
2319 2271 -1
1611 1084 -1
2339 1940 -1
2349 2170 -1
1131 1007 -1
2378 2093 -1
1730 1628 -1
1628 1562 -1
1707 1612 -1
2094 1839 -1
2437 2272 -1
2272 2113 -1
2113 1866 -1
1866 1649 -1
2127 1685 -1
2111 1216 -1
2539 2147 -1
2038 1553 -1
1065 229 -1
229 105 -1
2326 1891 -1
2116 1568 -1
1568 1162 -1
1162 959 -1
1652 1093 -1
2137 2071 -1
2230 2210 -1
1489 927 -1
927 550 -1
2597 2531 -1
2531 2393 -1
1962 1161 -1
2355 1304 -1
2523 2269 -1
909 149 -1
1065 229 -1
229 105 -1
2536 2091 -1
1727 1466 -1
403 175 -1
1819 724 -1
724 353 -1
1567 839 -1
839 238 -1
2305 1964 -1
2674 2428 -1
775 109 -1
2661 1112 -1
2118 564 -1
564 330 -1
1442 700 -1
2706 2446 -1
2282 1978 -1
2517 2372 -1
2653 2217 -1
1748 1247 -1
836 232 -1
2750 1677 -1
1677 1563 -1
2552 2399 -1
2408 2179 -1
2152 1298 -1
2528 2070 -1
2828 2636 -1
2818 2792 -1
2198 1475 -1
2577 2382 -1
2078 1688 -1
2844 2669 -1
2735 2409 -1
2409 2181 -1
2181 1908 -1
2473 1923 -1
2606 1967 -1
1517 1155 -1
2853 2680 -1
2896 2735 -1
2735 2409 -1
2409 2181 -1
2181 1908 -1
738 304 -1
304 152 -1
2790 2553 -1
2849 2406 -1
580 504 -1
1603 1445 -1
2679 2611 -1
2715 2145 -1
2548 2012 -1
2012 1461 -1
1461 953 -1
2551 1979 -1
2958 2859 -1
2973 2786 -1
2244 1727 -1
1727 1466 -1
2764 2444 -1
2260 1153 -1
1153 720 -1
720 528 -1
1442 700 -1
2656 2175 -1
2175 1311 -1
2225 2182 -1
2182 1832 -1
1832 1425 -1
1425 1012 -1
2223 1645 -1
1645 1313 -1
1313 849 -1
849 382 -1
382 300 -1
1603 1445 -1
2864 2508 -1
2508 1984 -1
2426 2126 -1
1955 1697 -1
1697 1424 -1
1424 1275 -1
2663 2252 -1
2357 2021 -1
2054 1523 -1
1523 948 -1
3003 2842 -1
2900 2226 -1
1844 1588 -1
1588 1072 -1
1910 1787 -1
3094 2486 -1
2486 1969 -1
1922 1410 -1
2007 1882 -1
2218 1765 -1
1765 1207 -1
388 371 -1
469 419 -1
1521 1415 -1
3206 2064 -1
2575 2155 -1
3099 2982 -1
2949 2588 -1
2588 2315 -1
2721 1831 -1
3099 2982 -1
2873 2353 -1
1752 943 -1
943 528 -1
3240 2951 -1
2838 2146 -1
2146 1949 -1
2998 2493 -1
2493 2248 -1
2248 2134 -1
2895 2385 -1
2385 1382 -1
1382 888 -1
2783 2048 -1
2048 1387 -1
2830 1837 -1
1837 1079 -1
3281 3059 -1
3059 2452 -1
2765 1844 -1
1844 1588 -1
1588 1072 -1
3093 2621 -1
3166 2718 -1
2718 1740 -1
1740 1401 -1
2019 1658 -1
2396 2100 -1
2885 1936 -1
2524 2019 -1
2019 1658 -1
1251 970 -1
2824 2128 -1
3342 2884 -1
3339 3133 -1
3133 2894 -1
2704 1772 -1
1772 1319 -1
1811 1584 -1
1292 1181 -1
1181 898 -1
3048 2832 -1
2954 2697 -1
1924 780 -1
780 213 -1
1743 1015 -1
3224 2833 -1
2847 2771 -1
2771 2580 -1
2580 1991 -1
1991 1498 -1
1498 1305 -1
2987 2666 -1
2352 1596 -1
3035 2850 -1
2850 2564 -1
3343 3139 -1
3298 3043 -1
3043 2481 -1
2481 2018 -1
2018 1271 -1
1271 1020 -1
2846 2502 -1
3113 2618 -1
3262 2097 -1
2097 1370 -1
1370 1052 -1
1052 801 -1
1677 1563 -1
2717 1519 -1
3028 2474 -1
2500 2420 -1
2675 2158 -1
1308 1023 -1
1023 422 -1
422 205 -1
1473 706 -1
2633 2082 -1
2082 1356 -1
1356 972 -1
2538 1943 -1
1943 1408 -1
3226 3039 -1
2017 1167 -1
3080 1864 -1
2853 2680 -1
3467 3337 -1
3337 2881 -1
3352 3098 -1
3431 2562 -1
2562 1585 -1
3322 2904 -1
2904 1173 -1
3579 3222 -1
3222 2125 -1
2125 1783 -1
3528 3479 -1
3479 3387 -1
3387 3287 -1
3524 3076 -1
3076 2541 -1
2163 1435 -1
663 287 -1
2702 2041 -1
3439 3365 -1
3373 1388 -1
2567 1749 -1
1749 1318 -1
3391 3272 -1
3272 3127 -1
3127 2755 -1
2755 2622 -1
2622 2569 -1
3426 2714 -1
3607 3443 -1
3543 3246 -1
3514 3347 -1
3448 2867 -1
2867 2605 -1
3151 1235 -1
1235 925 -1
3601 3323 -1
2579 1468 -1
2856 2640 -1
3549 3199 -1
3129 2561 -1
2979 2332 -1
3070 2614 -1
2614 2020 -1
2020 1409 -1
1409 1185 -1
2421 478 -1
2579 1468 -1
3556 2678 -1
2678 2276 -1
2276 1008 -1
3369 2926 -1
3620 2937 -1
2937 2167 -1
2970 2290 -1
2290 1796 -1
3111 2724 -1
3279 2338 -1
2338 1694 -1
1694 963 -1
963 785 -1
785 549 -1
549 299 -1
299 160 -1
160 136 -1
136 93 -1
93 91 -1
3258 2799 -1
2799 2188 -1
3085 2845 -1
732 261 -1
3393 2875 -1
3823 3328 -1
3819 3815 -1
3546 3104 -1
3104 1449 -1
1449 933 -1
933 627 -1
2748 1314 -1
1314 356 -1
3215 1155 -1
2396 2100 -1
2384 2141 -1
3862 3073 -1
3073 2482 -1
2482 1432 -1
3699 3458 -1
2973 2786 -1
1741 1662 -1
1662 1548 -1
1548 1428 -1
3866 3614 -1
3614 3223 -1
3223 2763 -1
2763 2572 -1
3742 3615 -1
1244 558 -1
558 124 -1
3351 2608 -1
2608 2193 -1
3525 2165 -1
2165 1613 -1
2870 2700 -1
2700 2500 -1
2500 2420 -1
2944 2469 -1
2469 2042 -1
2545 2083 -1
2083 1175 -1
2546 2369 -1
2369 1931 -1
3742 3615 -1
2856 2640 -1
3946 3802 -1
3949 3445 -1
3659 2534 -1
3625 2741 -1
3933 3776 -1
3814 3056 -1
3432 2893 -1
2893 2497 -1
1517 1155 -1
3712 2321 -1
2321 2066 -1
2066 1597 -1
1914 1090 -1
1090 187 -1
3565 3198 -1
3198 2568 -1
2944 2469 -1
2469 2042 -1
3690 2008 -1
2008 1037 -1
1037 750 -1
750 514 -1
3626 2981 -1
2981 2239 -1
2402 2235 -1
2235 2075 -1
2075 1877 -1
1877 1802 -1
2980 2788 -1
3991 3928 -1
3928 3260 -1
3260 2540 -1
2540 2216 -1
2216 1675 -1
1675 1264 -1
3881 3572 -1
3738 2564 -1
2447 1150 -1
1150 889 -1
2865 1460 -1
3908 3498 -1
3799 3612 -1
3612 2770 -1
2770 2593 -1
3984 3420 -1
1325 645 -1
2716 2503 -1
3957 3790 -1
2596 1404 -1
1404 446 -1
4115 4015 -1
3520 3244 -1
3605 3288 -1
3288 3047 -1
3047 2836 -1
3021 2559 -1
2559 2169 -1
1424 1275 -1
3314 2688 -1
2160 1970 -1
3314 2688 -1
1961 1580 -1
4044 3713 -1
3988 3493 -1
3274 2826 -1
3429 2854 -1
3791 2857 -1
2857 1408 -1
4146 4026 -1
3952 3852 -1
3852 3679 -1
64 56 -1
4184 3797 -1
3797 3640 -1
4077 3663 -1
3663 3065 -1
1958 1265 -1
3577 2821 -1
3961 3611 -1
4017 3776 -1
3444 3098 -1
4228 4059 -1
4059 3462 -1
3404 3090 -1
3909 3714 -1
2448 561 -1
561 470 -1
3975 3686 -1
3686 3149 -1
1582 957 -1
957 512 -1
4262 3362 -1
3362 1233 -1
1233 756 -1
756 668 -1
3307 3044 -1
4068 3599 -1
3599 3415 -1
4249 4076 -1
4076 3965 -1
3856 3617 -1
3617 3158 -1
4112 3660 -1
3660 3306 -1
4329 4235 -1
4314 4057 -1
4237 3100 -1
3100 2487 -1
2316 1970 -1
4116 3519 -1
4108 3896 -1
4302 4179 -1
4179 4058 -1
4058 3982 -1
3870 2649 -1
2649 2309 -1
3444 3098 -1
1526 1484 -1
1484 1423 -1
2925 2435 -1
2435 2056 -1
1752 943 -1
943 528 -1
4285 4162 -1
3161 1487 -1
1487 1130 -1
1130 421 -1
4268 2642 -1
4297 3834 -1
3834 2918 -1
2918 2524 -1
2524 2019 -1
2019 1658 -1
4258 3276 -1
3276 1860 -1
4002 3842 -1
3842 3451 -1
3451 3006 -1
3922 3147 -1
3147 1810 -1
4117 3765 -1
3765 3536 -1
3536 3233 -1
3260 2540 -1
2540 2216 -1
2216 1675 -1
1675 1264 -1
2550 2377 -1
4384 4254 -1
3975 3686 -1
3686 3149 -1
4287 3858 -1
3923 1221 -1
1221 660 -1
660 242 -1
2489 2359 -1
2359 2287 -1
2287 2058 -1
2058 1893 -1
1848 1346 -1
4441 3899 -1
3899 3394 -1
3394 3119 -1
4088 3066 -1
3066 1862 -1
4134 3429 -1
3429 2854 -1
2818 2792 -1
4148 3718 -1
3718 2404 -1
2404 1754 -1
3619 3150 -1
4408 4332 -1
3515 3385 -1
3385 3231 -1
3231 3084 -1
3084 2986 -1
4510 4020 -1
4498 4428 -1
4428 4267 -1
4387 4266 -1
4425 4226 -1
3828 3678 -1
4189 3930 -1
4053 3859 -1
2250 878 -1
4207 4014 -1
4014 3758 -1
3758 3418 -1
3418 2821 -1
1131 1007 -1
3728 2242 -1
4227 3817 -1
3817 3484 -1
4421 3925 -1
4534 4360 -1
4360 4083 -1
3767 3107 -1
3107 1878 -1
4594 4222 -1
3838 2264 -1
4250 4213 -1
3730 3429 -1
3429 2854 -1
2489 2359 -1
2359 2287 -1
2287 2058 -1
2058 1893 -1
3523 3307 -1
3307 3044 -1
4609 4247 -1
4247 3571 -1
3571 2878 -1
2878 2475 -1
4524 4469 -1
4469 4295 -1
4295 3747 -1
3747 3390 -1
4631 3798 -1
3798 3249 -1
3249 2335 -1
4227 3817 -1
3817 3484 -1
3577 2821 -1
4490 4307 -1
4307 3695 -1
4127 3638 -1
3638 3025 -1
4621 4558 -1
4558 4493 -1
3089 1233 -1
1233 756 -1
756 668 -1
3545 3328 -1
4424 4349 -1
4349 4332 -1
3145 2440 -1
2440 1841 -1
4345 3671 -1
3271 2558 -1
2558 2255 -1
2255 2076 -1
2076 1817 -1
2384 2141 -1
3875 2191 -1
2191 1519 -1
4406 1827 -1
4719 4593 -1
4593 4358 -1
4472 1806 -1
1806 961 -1
4731 4501 -1
2955 2186 -1
4515 4098 -1
2814 2364 -1
4379 2872 -1
4741 4006 -1
4636 2897 -1
2897 2015 -1
4761 4659 -1
4659 4373 -1
4373 3398 -1
4754 4629 -1
4076 3965 -1
4585 3966 -1
2955 2186 -1
3583 2506 -1
2506 1379 -1
1379 1035 -1
4313 2825 -1
2825 2088 -1
3465 1150 -1
1150 889 -1
4556 4221 -1
4221 3514 -1
3514 3347 -1
3537 3169 -1
4856 4674 -1
4783 4591 -1
4591 4502 -1
4502 4173 -1
4293 2344 -1
4685 4637 -1
3885 2924 -1
3701 3567 -1
4934 4885 -1
4885 4728 -1
4728 4656 -1
1944 1355 -1
1355 922 -1
4395 1846 -1
1846 1160 -1
4240 3109 -1
4862 4599 -1
4830 4479 -1
4479 4263 -1
4212 3755 -1
3755 2974 -1
2974 2625 -1
4746 4415 -1
4415 3978 -1
1707 1612 -1
4718 3911 -1
3173 3009 -1
3009 2250 -1
2250 878 -1
4602 4439 -1
4219 3878 -1
4940 4686 -1
4686 4562 -1
4847 4694 -1
4694 4623 -1
4927 4769 -1
5011 4768 -1
4334 3499 -1
4701 4523 -1
4523 4315 -1
4315 4096 -1
4096 3920 -1
4795 4225 -1
4957 4668 -1
5034 4555 -1
4939 4253 -1
3515 3385 -1
3385 3231 -1
3231 3084 -1
3084 2986 -1
4199 4133 -1
4817 4568 -1
4568 4071 -1
3636 3083 -1
4816 4613 -1
5015 4806 -1
4886 4644 -1
4878 4779 -1
3466 2527 -1
2527 2288 -1
4030 3904 -1
3904 3864 -1
3864 3796 -1
3796 3756 -1
4532 3715 -1
3715 2811 -1
3875 2191 -1
2191 1519 -1
4082 3642 -1
5097 5045 -1
4657 4338 -1
4338 4033 -1
4206 2164 -1
2164 1464 -1
5107 3729 -1
3729 1838 -1
4682 4008 -1
5150 5021 -1
5021 4942 -1
5103 5001 -1
5069 4943 -1
4943 4744 -1
3382 1264 -1
4323 1371 -1
1371 1083 -1
1083 1071 -1
3101 1702 -1
4578 4473 -1
2020 1409 -1
1409 1185 -1
5049 2168 -1
2168 1205 -1
2882 2243 -1
2243 1300 -1
1300 1116 -1
1116 1015 -1
5178 5162 -1
5162 5098 -1
4972 4810 -1
4810 3214 -1
3214 2545 -1
2545 2083 -1
2083 1175 -1
3999 3386 -1
5080 4824 -1
4824 4220 -1
4220 3253 -1
4904 2693 -1
5134 4987 -1
3166 2718 -1
2718 1740 -1
1740 1401 -1
4904 2693 -1
5055 5002 -1
4136 3627 -1
4732 4151 -1
5185 5022 -1
5022 4718 -1
4718 3911 -1
4488 3715 -1
3715 2811 -1
2424 1860 -1
5275 4999 -1
4999 4911 -1
5138 4476 -1
4476 3980 -1
3980 3396 -1
5271 5262 -1
1050 559 -1
4488 3715 -1
3715 2811 -1
3250 3041 -1
5294 5290 -1
4951 4391 -1
5270 5255 -1
5255 5241 -1
4712 2994 -1
5010 4932 -1
4932 4703 -1
5244 4931 -1
1248 1179 -1
4999 4911 -1
5122 5104 -1
5104 4562 -1
5307 5025 -1
5025 4402 -1
4402 3187 -1
3187 2912 -1
3392 1396 -1
1396 632 -1
3043 2481 -1
2481 2018 -1
2018 1271 -1
1271 1020 -1
2143 1973 -1
3890 1965 -1
4571 3345 -1
5364 5290 -1
5164 4849 -1
4849 4119 -1
4119 3707 -1
3707 3501 -1
4991 3783 -1
3783 1683 -1
5296 5292 -1
5292 5288 -1
5288 5276 -1
4871 4158 -1
2355 1304 -1
5389 5367 -1
5367 4900 -1
4900 1920 -1
4854 4674 -1
5354 5339 -1
5224 3925 -1
4275 2948 -1
2948 2360 -1
4807 4445 -1
4445 3631 -1
5243 5127 -1
5411 5401 -1
5270 5255 -1
5255 5241 -1
2192 913 -1
913 444 -1
444 358 -1
4271 3585 -1
3585 2153 -1
5437 5414 -1
5414 5295 -1
5295 5246 -1
5228 3423 -1
3423 2916 -1
2916 2224 -1
5260 2355 -1
2355 1304 -1
5430 5393 -1
5393 5362 -1
5293 5254 -1
5254 5234 -1
5234 4836 -1
4836 4036 -1
4036 3406 -1
3406 1668 -1
1668 1131 -1
1131 1007 -1
5267 5128 -1
5128 4924 -1
4652 3837 -1
4999 4911 -1
5388 5346 -1
5346 5155 -1
5155 5023 -1
5023 4682 -1
4682 4008 -1
4990 2436 -1
2436 1986 -1
5465 5438 -1
5138 4476 -1
4476 3980 -1
3980 3396 -1
5419 5365 -1
5365 5284 -1
5284 4846 -1
5488 5485 -1
5165 2438 -1
2438 2081 -1
93 91 -1
541 428 -1
724 353 -1
178 149 -1
893 518 -1
393 293 -1
293 274 -1
1102 759 -1
168 104 -1
104 50 -1
1113 559 -1
940 792 -1
1223 303 -1
1038 809 -1
809 705 -1
325 153 -1
1208 696 -1
1521 1415 -1
1299 1281 -1
1052 801 -1
1546 1278 -1
1278 926 -1
454 346 -1
1572 1159 -1
858 409 -1
1558 936 -1
157 135 -1
135 110 -1
872 701 -1
1690 1135 -1
1706 1455 -1
1496 976 -1
976 468 -1
468 262 -1
117 8 -1
1586 1526 -1
1526 1484 -1
1484 1423 -1
569 456 -1
456 264 -1
264 198 -1
1334 908 -1
444 358 -1
1804 1387 -1
1578 1431 -1
1431 1178 -1
1178 967 -1
967 776 -1
776 713 -1
2017 1167 -1
1728 568 -1
568 263 -1
1835 1191 -1
1191 475 -1
2017 1167 -1
2164 1464 -1
2143 1973 -1
2204 1661 -1
293 274 -1
2221 1329 -1
160 136 -1
136 93 -1
93 91 -1
549 299 -1
299 160 -1
160 136 -1
136 93 -1
93 91 -1
939 463 -1
2370 1507 -1
1326 193 -1
2432 2268 -1
1715 1539 -1
2412 2040 -1
2040 1619 -1
2373 1905 -1
1691 582 -1
2546 2369 -1
2369 1931 -1
711 594 -1
243 106 -1
106 80 -1
80 49 -1
2678 2276 -1
2276 1008 -1
1505 1204 -1
1204 852 -1
2289 2249 -1
2672 1188 -1
1664 1511 -1
1352 896 -1
2400 1677 -1
1677 1563 -1
2575 2155 -1
2412 2040 -1
2040 1619 -1
2320 2190 -1
2797 2367 -1
2003 1830 -1
1830 1383 -1
2577 2382 -1
2818 2792 -1
1876 1163 -1
221 158 -1
158 144 -1
144 127 -1
2575 2155 -1
2350 2257 -1
2670 2330 -1
581 376 -1
376 198 -1
2423 1985 -1
1288 793 -1
2576 2266 -1
2837 2485 -1
2974 2625 -1
2873 2353 -1
2442 2196 -1
1292 1181 -1
1181 898 -1
1638 1586 -1
1586 1526 -1
1526 1484 -1
1484 1423 -1
3145 2440 -1
2440 1841 -1
3101 1702 -1
2247 1132 -1
1192 1005 -1
2251 1616 -1
1616 829 -1
3058 2686 -1
2333 1972 -1
2905 2628 -1
903 153 -1
2455 1536 -1
1536 589 -1
2251 1616 -1
1616 829 -1
819 189 -1
2548 2012 -1
2012 1461 -1
1461 953 -1
2350 2257 -1
901 239 -1
536 229 -1
229 105 -1
2656 2175 -1
2175 1311 -1
1523 948 -1
3254 1738 -1
1009 397 -1
397 104 -1
104 50 -1
903 153 -1
2856 2640 -1
2915 1982 -1
1982 1910 -1
1910 1787 -1
3085 2845 -1
3450 1589 -1
1589 1156 -1
2962 2511 -1
2839 2455 -1
2455 1536 -1
1536 589 -1
2087 1426 -1
1426 1046 -1
3326 2642 -1
3495 1423 -1
664 456 -1
456 264 -1
264 198 -1
1600 1452 -1
1452 1350 -1
2290 1796 -1
1543 1153 -1
1153 720 -1
720 528 -1
3099 2982 -1
2146 1949 -1
2721 1831 -1
3481 3210 -1
2870 2700 -1
2700 2500 -1
2500 2420 -1
3050 2752 -1
2998 2493 -1
2493 2248 -1
2248 2134 -1
3547 3028 -1
3028 2474 -1
3319 2998 -1
2998 2493 -1
2493 2248 -1
2248 2134 -1
2722 2396 -1
2396 2100 -1
2459 1665 -1
2905 2628 -1
2810 1530 -1
3599 3415 -1
2716 2503 -1
3088 2704 -1
2704 1772 -1
1772 1319 -1
2220 1507 -1
1910 1787 -1
3055 2543 -1
3427 3263 -1
3336 2908 -1
234 109 -1
1748 1247 -1
1195 188 -1
3797 3640 -1
2958 2859 -1
943 528 -1
1364 383 -1
202 58 -1
58 22 -1
3748 3072 -1
2689 990 -1
3810 3733 -1
1806 961 -1
3918 3541 -1
3661 2936 -1
2560 2302 -1
2507 598 -1
3426 2714 -1
3073 2482 -1
2482 1432 -1
497 187 -1
3250 3041 -1
2437 2272 -1
2272 2113 -1
2113 1866 -1
1866 1649 -1
3028 2474 -1
3944 3719 -1
2342 2004 -1
3494 1943 -1
1943 1408 -1
2932 2082 -1
2082 1356 -1
1356 972 -1
939 463 -1
2981 2239 -1
3828 3678 -1
3381 2632 -1
1195 188 -1
3957 3790 -1
2700 2500 -1
2500 2420 -1
3781 3160 -1
2885 1936 -1
3523 3307 -1
3307 3044 -1
3601 3323 -1
787 529 -1
529 369 -1
369 166 -1
2914 187 -1
3767 3107 -1
3107 1878 -1
3271 2558 -1
2558 2255 -1
2255 2076 -1
2076 1817 -1
2260 1153 -1
1153 720 -1
720 528 -1
2962 2511 -1
1325 645 -1
3913 3544 -1
1373 702 -1
702 241 -1
2523 2269 -1
1922 1410 -1
2538 1943 -1
1943 1408 -1
3893 3574 -1
3574 3004 -1
3004 2558 -1
2558 2255 -1
2255 2076 -1
2076 1817 -1
4141 3792 -1
609 460 -1
460 210 -1
210 154 -1
154 142 -1
2944 2469 -1
2469 2042 -1
2486 1969 -1
3563 3114 -1
2225 2182 -1
2182 1832 -1
1832 1425 -1
1425 1012 -1
4143 3977 -1
2075 1877 -1
1877 1802 -1
3470 3112 -1
3112 2715 -1
2715 2145 -1
2701 2471 -1
3525 2165 -1
2165 1613 -1
3968 3458 -1
3475 1872 -1
4135 3477 -1
3477 3077 -1
2402 2235 -1
2235 2075 -1
2075 1877 -1
1877 1802 -1
4192 3807 -1
3612 2770 -1
2770 2593 -1
4214 3144 -1
4168 2030 -1
1019 963 -1
963 785 -1
785 549 -1
549 299 -1
299 160 -1
160 136 -1
136 93 -1
93 91 -1
459 102 -1
102 56 -1
4214 3144 -1
2946 2035 -1
2035 1008 -1
4236 3779 -1
3692 3067 -1
4059 3462 -1
2919 1376 -1
4193 4078 -1
2236 1376 -1
3865 3422 -1
3422 2487 -1
3865 3422 -1
3422 2487 -1
3865 3422 -1
3422 2487 -1
2139 971 -1
4090 4004 -1
4004 3657 -1
3884 3511 -1
1761 1441 -1
4176 3859 -1
4124 4056 -1
4124 4056 -1
1090 187 -1
4201 3929 -1
3274 2826 -1
2594 1267 -1
3855 3560 -1
3560 3376 -1
3376 3017 -1
4053 3859 -1
4231 3421 -1
4109 3202 -1
1768 1445 -1
4017 3776 -1
2633 2082 -1
2082 1356 -1
1356 972 -1
3791 2857 -1
2857 1408 -1
2932 2082 -1
2082 1356 -1
1356 972 -1
4039 3637 -1
4214 3144 -1
3773 2685 -1
4246 4208 -1
4208 3889 -1
4290 3992 -1
3992 3732 -1
3992 3732 -1
3974 3630 -1
4323 1371 -1
1371 1083 -1
1083 1071 -1
2633 2082 -1
2082 1356 -1
1356 972 -1
1367 359 -1
3494 1943 -1
1943 1408 -1
3822 2987 -1
2987 2666 -1
3422 2487 -1
4153 3316 -1
1749 1318 -1
4296 3132 -1
4491 584 -1
3636 3083 -1
2980 2788 -1
4335 3653 -1
2326 1891 -1
4335 3653 -1
3230 1558 -1
1558 936 -1
3690 2008 -1
2008 1037 -1
1037 750 -1
750 514 -1
3561 3152 -1
2345 1817 -1
4334 3499 -1
4182 3842 -1
3842 3451 -1
3451 3006 -1
3147 1810 -1
3254 1738 -1
210 154 -1
154 142 -1
4505 4139 -1
4139 4040 -1
4451 4311 -1
4117 3765 -1
3765 3536 -1
3536 3233 -1
290 99 -1
3884 3511 -1
3196 2662 -1
4543 4470 -1
2192 913 -1
913 444 -1
444 358 -1
3780 3258 -1
3258 2799 -1
2799 2188 -1
734 379 -1
4273 3100 -1
3100 2487 -1
4477 3989 -1
4477 3989 -1
3791 2857 -1
2857 1408 -1
4489 4203 -1
4570 170 -1
170 92 -1
4394 3147 -1
3147 1810 -1
4002 3842 -1
3842 3451 -1
3451 3006 -1
4472 1806 -1
1806 961 -1
4377 2748 -1
2748 1314 -1
1314 356 -1
3576 2691 -1
2447 1150 -1
1150 889 -1
4012 3460 -1
3468 1924 -1
1924 780 -1
780 213 -1
4514 2724 -1
3105 2788 -1
3574 3004 -1
3004 2558 -1
2558 2255 -1
2255 2076 -1
2076 1817 -1
3422 2487 -1
2492 1547 -1
3101 1702 -1
3440 1550 -1
3749 3533 -1
3533 2130 -1
1558 936 -1
4444 4001 -1
2655 1552 -1
4141 3792 -1
2425 1124 -1
3254 1738 -1
3196 2662 -1
2040 1619 -1
4143 3977 -1
2162 1590 -1
4291 3745 -1
3745 3355 -1
4552 4243 -1
861 512 -1
2191 1519 -1
4451 4311 -1
3304 3098 -1
4341 3410 -1
4088 3066 -1
3066 1862 -1
3308 2629 -1
1894 709 -1
4647 4620 -1
4667 4442 -1
4442 4101 -1
4650 3666 -1
3666 2457 -1
4721 4600 -1
4410 4250 -1
4250 4213 -1
4149 2479 -1
3457 1506 -1
47 37 -1
4626 4126 -1
4230 4011 -1
4067 3770 -1
3770 1487 -1
1487 1130 -1
1130 421 -1
2129 1689 -1
1689 1263 -1
4012 3460 -1
3847 2265 -1
2265 1733 -1
1066 949 -1
4288 4022 -1
4595 4130 -1
4413 4093 -1
4093 2658 -1
4241 3771 -1
3771 3425 -1
3425 2662 -1
4705 4645 -1
4645 4375 -1
2804 1702 -1
3151 1235 -1
1235 925 -1
4626 4126 -1
4567 4128 -1
4128 3345 -1
2956 2555 -1
4081 2834 -1
2834 2351 -1
4081 2834 -1
2834 2351 -1
3914 3521 -1
3521 2892 -1
4597 4145 -1
4145 3906 -1
1811 1584 -1
4829 4684 -1
4684 4374 -1
3617 3158 -1
4683 4459 -1
4459 4330 -1
4569 3154 -1
4831 4280 -1
4816 4613 -1
4275 2948 -1
2948 2360 -1
3748 3072 -1
3855 3560 -1
3560 3376 -1
3376 3017 -1
1830 1383 -1
4701 4523 -1
4523 4315 -1
4315 4096 -1
4096 3920 -1
3650 3437 -1
3923 1221 -1
1221 660 -1
660 242 -1
4647 4620 -1
3173 3009 -1
3009 2250 -1
2250 878 -1
4825 4775 -1
3465 1150 -1
1150 889 -1
4287 3858 -1
4408 4332 -1
3828 3678 -1
2111 1216 -1
4434 3850 -1
3850 1995 -1
1995 1457 -1
3954 3379 -1
4875 4677 -1
4677 4277 -1
4277 3651 -1
3651 2889 -1
2889 2267 -1
4595 4130 -1
4906 2139 -1
2139 971 -1
3554 2665 -1
4715 3106 -1
3106 2005 -1
2005 1486 -1
4842 4587 -1
3023 1824 -1
2373 1905 -1
3780 3258 -1
3258 2799 -1
2799 2188 -1
3727 2647 -1
2647 2172 -1
2172 1025 -1
1367 359 -1
2915 1982 -1
1982 1910 -1
1910 1787 -1
4842 4587 -1
4886 4644 -1
3377 1724 -1
4362 2360 -1
4617 4224 -1
1598 1562 -1
4672 4170 -1
4548 2590 -1
3888 2344 -1
1844 1588 -1
1588 1072 -1
3521 2892 -1
3865 3422 -1
3422 2487 -1
3554 2665 -1
3307 3044 -1
4981 4500 -1
1404 446 -1
4981 4500 -1
3515 3385 -1
3385 3231 -1
3231 3084 -1
3084 2986 -1
4909 4269 -1
4206 2164 -1
2164 1464 -1
5019 4687 -1
2948 2360 -1
4606 4423 -1
4507 3596 -1
4728 4656 -1
4395 1846 -1
1846 1160 -1
4602 4439 -1
3984 3420 -1
4886 4644 -1
2838 2146 -1
2146 1949 -1
4584 3357 -1
1681 1051 -1
4780 4106 -1
4262 3362 -1
3362 1233 -1
1233 756 -1
756 668 -1
4244 2816 -1
2816 2141 -1
4999 4911 -1
3918 3541 -1
4795 4225 -1
4446 3882 -1
3404 3090 -1
4888 4269 -1
3910 3007 -1
3007 2173 -1
4876 4485 -1
4559 4291 -1
4291 3745 -1
3745 3355 -1
4721 4600 -1
4556 4221 -1
4221 3514 -1
3514 3347 -1
4794 4649 -1
4649 4530 -1
3682 2622 -1
2622 2569 -1
4700 4631 -1
4631 3798 -1
3798 3249 -1
3249 2335 -1
5081 3938 -1
5089 4084 -1
4084 3885 -1
3885 2924 -1
4256 4186 -1
4504 3349 -1
904 697 -1
4479 4263 -1
3984 3420 -1
5018 4819 -1
1772 1319 -1
4794 4649 -1
4649 4530 -1
4556 4221 -1
4221 3514 -1
3514 3347 -1
5019 4687 -1
4074 3808 -1
4256 4186 -1
4406 1827 -1
4459 4330 -1
4401 3154 -1
4909 4269 -1
3527 2173 -1
5019 4687 -1
5057 4550 -1
3224 2833 -1
5057 4550 -1
5091 4867 -1
3761 2496 -1
2496 2051 -1
4566 3789 -1
3789 2766 -1
2766 1650 -1
4433 3789 -1
3789 2766 -1
2766 1650 -1
4652 3837 -1
4670 4521 -1
141 62 -1
5070 4948 -1
4948 3715 -1
3715 2811 -1
4762 4483 -1
4483 3750 -1
3750 3706 -1
3135 1323 -1
5122 5104 -1
5104 4562 -1
4686 4562 -1
5067 4970 -1
4146 4026 -1
4406 1827 -1
4647 4620 -1
4325 3786 -1
3786 3233 -1
5063 4643 -1
5129 4811 -1
4976 4826 -1
5129 4811 -1
2812 1980 -1
5091 4867 -1
3455 1534 -1
2470 2273 -1
5129 4811 -1
5078 4980 -1
5055 5002 -1
4584 3357 -1
5084 4521 -1
171 65 -1
5181 5117 -1
5117 4939 -1
4939 4253 -1
5123 4917 -1
3011 2607 -1
2607 2207 -1
2207 1707 -1
1707 1612 -1
5126 5115 -1
5115 4985 -1
4785 4475 -1
3933 3776 -1
4453 3714 -1
3190 2398 -1
2398 1681 -1
1681 1051 -1
5197 1050 -1
1050 559 -1
5199 5093 -1
4299 3121 -1
5159 2793 -1
2793 1472 -1
1472 784 -1
4611 4046 -1
4147 2928 -1
5073 3926 -1
4670 4521 -1
5156 4366 -1
4366 3941 -1
2584 767 -1
5108 5050 -1
4605 3608 -1
3608 2812 -1
2812 1980 -1
1932 1568 -1
1568 1162 -1
1162 959 -1
5153 5032 -1
5032 3512 -1
3512 2137 -1
2137 2071 -1
4766 3937 -1
3937 2323 -1
5160 4240 -1
4240 3109 -1
3301 3102 -1
3102 2965 -1
2965 2744 -1
2744 2648 -1
4567 4128 -1
4128 3345 -1
4509 3622 -1
3331 1834 -1
1834 1394 -1
5137 4868 -1
5162 5098 -1
4810 3214 -1
3214 2545 -1
2545 2083 -1
2083 1175 -1
4621 4558 -1
4558 4493 -1
4886 4644 -1
4062 2453 -1
2453 1271 -1
1271 1020 -1
3228 2623 -1
2623 2059 -1
2059 1952 -1
4697 4508 -1
4508 3998 -1
3998 3705 -1
5195 5152 -1
4352 3238 -1
3238 2299 -1
2299 2208 -1
2137 2071 -1
4177 1111 -1
1111 451 -1
2533 1593 -1
1593 1205 -1
2111 1216 -1
3404 3090 -1
5226 4987 -1
5113 4551 -1
4551 4418 -1
4418 4272 -1
4272 4215 -1
4394 3147 -1
3147 1810 -1
5102 3941 -1
2584 767 -1
5258 5186 -1
5142 4947 -1
4947 4163 -1
2584 767 -1
4707 4604 -1
3869 1396 -1
1396 632 -1
4365 2057 -1
4952 4522 -1
4522 4245 -1
4199 4133 -1
4394 3147 -1
3147 1810 -1
3874 2568 -1
3633 3130 -1
3130 2292 -1
4943 4744 -1
4571 3345 -1
4894 1874 -1
4793 3367 -1
3367 3107 -1
3107 1878 -1
4401 3154 -1
2882 2243 -1
2243 1300 -1
1300 1116 -1
1116 1015 -1
204 184 -1
184 148 -1
2955 2186 -1
4295 3747 -1
3747 3390 -1
4999 4911 -1
4708 4346 -1
4346 3816 -1
116 73 -1
5190 4575 -1
4575 3857 -1
3857 2445 -1
5033 2215 -1
2215 1834 -1
1834 1394 -1
4788 4692 -1
4692 4352 -1
4352 3238 -1
3238 2299 -1
2299 2208 -1
4749 4675 -1
4096 3920 -1
5267 5128 -1
5128 4924 -1
4084 3885 -1
3885 2924 -1
2847 2771 -1
2771 2580 -1
2580 1991 -1
1991 1498 -1
1498 1305 -1
5239 4310 -1
4310 2007 -1
2007 1882 -1
5227 5091 -1
5091 4867 -1
3148 2884 -1
5143 4454 -1
4454 2927 -1
2927 2521 -1
2521 2088 -1
3650 3437 -1
2035 1008 -1
3900 2988 -1
5067 4970 -1
4708 4346 -1
4346 3816 -1
2168 1205 -1
5143 4454 -1
4454 2927 -1
2927 2521 -1
2521 2088 -1
5044 4955 -1
4955 4433 -1
4433 3789 -1
3789 2766 -1
2766 1650 -1
4697 4508 -1
4508 3998 -1
3998 3705 -1
4683 4459 -1
4459 4330 -1
4259 3880 -1
3880 2829 -1
2829 2104 -1
2104 1672 -1
4207 4014 -1
4014 3758 -1
3758 3418 -1
3418 2821 -1
5154 5144 -1
5076 4950 -1
4902 4848 -1
5285 5141 -1
5088 4665 -1
4665 4034 -1
4034 2581 -1
5313 5300 -1
5300 5249 -1
93 91 -1
5191 5139 -1
3127 2755 -1
2755 2622 -1
2622 2569 -1
5233 4951 -1
4951 4391 -1
2438 2081 -1
5313 5300 -1
5300 5249 -1
1152 854 -1
5317 5187 -1
5187 4489 -1
4489 4203 -1
1196 541 -1
541 428 -1
5117 4939 -1
4939 4253 -1
5182 4902 -1
4902 4848 -1
5106 4912 -1
4912 3736 -1
4596 4327 -1
4342 3599 -1
3599 3415 -1
4748 3476 -1
5133 3108 -1
5123 4917 -1
5178 5162 -1
5162 5098 -1
5337 5269 -1
5269 4705 -1
4705 4645 -1
4645 4375 -1
4971 4645 -1
4645 4375 -1
5225 5205 -1
5304 4278 -1
4278 3945 -1
5304 4278 -1
4278 3945 -1
4793 3367 -1
3367 3107 -1
3107 1878 -1
2931 1003 -1
1003 642 -1
5197 1050 -1
1050 559 -1
4292 3608 -1
3608 2812 -1
2812 1980 -1
1667 478 -1
4295 3747 -1
3747 3390 -1
3442 1475 -1
4672 4170 -1
4450 2395 -1
5317 5187 -1
5187 4489 -1
4489 4203 -1
3497 2635 -1
2635 1093 -1
4062 2453 -1
2453 1271 -1
1271 1020 -1
5273 5155 -1
5155 5023 -1
5023 4682 -1
4682 4008 -1
4967 4147 -1
4147 2928 -1
3515 3385 -1
3385 3231 -1
3231 3084 -1
3084 2986 -1
4519 4381 -1
2943 2612 -1
2612 1988 -1
2772 1633 -1
1633 822 -1
2533 1593 -1
1593 1205 -1
5177 4723 -1
4697 4508 -1
4508 3998 -1
3998 3705 -1
4417 3238 -1
3238 2299 -1
2299 2208 -1
5101 5068 -1
5068 4827 -1
5261 3497 -1
3497 2635 -1
2635 1093 -1
4489 4203 -1
5293 5254 -1
5254 5234 -1
5234 4836 -1
4836 4036 -1
4036 3406 -1
3406 1668 -1
1668 1131 -1
1131 1007 -1
4996 4869 -1
4869 4351 -1
4351 3970 -1
3970 3681 -1
5368 5332 -1
5332 5268 -1
5268 5166 -1
5263 4799 -1
4799 4696 -1
4566 3789 -1
3789 2766 -1
2766 1650 -1
4584 3357 -1
4602 4439 -1
5313 5300 -1
5300 5249 -1
3720 1782 -1
5273 5155 -1
5155 5023 -1
5023 4682 -1
4682 4008 -1
4713 4520 -1
4520 4305 -1
2635 1093 -1
1706 1455 -1
5067 4970 -1
4407 4185 -1
4185 3526 -1
5145 4119 -1
4119 3707 -1
3707 3501 -1
4949 1929 -1
5403 5012 -1
4997 4294 -1
4294 3179 -1
3466 2527 -1
2527 2288 -1
5131 5033 -1
5033 2215 -1
2215 1834 -1
1834 1394 -1
5061 4575 -1
4575 3857 -1
3857 2445 -1
5089 4084 -1
4084 3885 -1
3885 2924 -1
3619 3150 -1
5410 4383 -1
4383 1838 -1
5077 4902 -1
4902 4848 -1
5349 5335 -1
5386 4893 -1
4893 4785 -1
4785 4475 -1
4617 4224 -1
5156 4366 -1
4366 3941 -1
4356 3703 -1
3658 2631 -1
3228 2623 -1
2623 2059 -1
2059 1952 -1
4236 3779 -1
2887 2285 -1
2285 968 -1
4296 3132 -1
4297 3834 -1
3834 2918 -1
2918 2524 -1
2524 2019 -1
2019 1658 -1
4295 3747 -1
3747 3390 -1
4414 1745 -1
975 305 -1
5242 2549 -1
2549 947 -1
947 406 -1
5008 4799 -1
4799 4696 -1
5217 4167 -1
4167 3051 -1
3051 2629 -1
5336 5302 -1
5302 4917 -1
5410 4383 -1
4383 1838 -1
3770 1487 -1
1487 1130 -1
1130 421 -1
5248 5208 -1
5208 5175 -1
5389 5367 -1
5367 4900 -1
4900 1920 -1
4346 3816 -1
5426 5381 -1
3529 2117 -1
2117 741 -1
5138 4476 -1
4476 3980 -1
3980 3396 -1
5432 5407 -1
5407 5383 -1
5395 5279 -1
5279 2803 -1
4831 4280 -1
5426 5381 -1
5411 5401 -1
5000 4872 -1
4872 4770 -1
4770 4533 -1
4487 3064 -1
3064 2055 -1
2743 1171 -1
4588 4094 -1
4094 3414 -1
4864 4834 -1
5432 5407 -1
5407 5383 -1
4952 4522 -1
4522 4245 -1
4734 3228 -1
3228 2623 -1
2623 2059 -1
2059 1952 -1
4864 4834 -1
5446 5443 -1
5297 5293 -1
5293 5254 -1
5254 5234 -1
5234 4836 -1
4836 4036 -1
4036 3406 -1
3406 1668 -1
1668 1131 -1
1131 1007 -1
5447 5408 -1
5408 5370 -1
4094 3414 -1
5423 5230 -1
5455 4986 -1
5353 5348 -1
5291 5230 -1
5293 5254 -1
5254 5234 -1
5234 4836 -1
4836 4036 -1
4036 3406 -1
3406 1668 -1
1668 1131 -1
1131 1007 -1
2819 2091 -1
5392 2459 -1
2459 1665 -1
3249 2335 -1
5434 5420 -1
5420 5411 -1
5411 5401 -1
5446 5443 -1
2987 2666 -1
5426 5381 -1
5291 5230 -1
2230 2210 -1
5460 5441 -1
4590 1899 -1
5392 2459 -1
2459 1665 -1
5273 5155 -1
5155 5023 -1
5023 4682 -1
4682 4008 -1
5353 5348 -1
4725 2811 -1
5363 5326 -1
5326 5314 -1
4713 4520 -1
4520 4305 -1
5460 5441 -1
5016 4782 -1
4244 2816 -1
2816 2141 -1
4665 4034 -1
4034 2581 -1
5353 5348 -1
4727 4037 -1
4037 3739 -1
5379 4736 -1
4736 4573 -1
4573 3483 -1
5136 4877 -1
4877 4588 -1
4588 4094 -1
4094 3414 -1
5459 5436 -1
3162 2714 -1
5016 4782 -1
5466 5424 -1
3688 3423 -1
3423 2916 -1
2916 2224 -1
5458 5299 -1
5458 5299 -1
5398 5329 -1
5329 5042 -1
5042 4946 -1
5450 2918 -1
2918 2524 -1
2524 2019 -1
2019 1658 -1
2514 2465 -1
2465 1361 -1
4990 2436 -1
2436 1986 -1
4107 2994 -1
5304 4278 -1
4278 3945 -1
5291 5230 -1
5446 5443 -1
3125 1965 -1
5452 5409 -1
5428 4998 -1
4998 4831 -1
4831 4280 -1
5425 5306 -1
5306 4922 -1
4922 4212 -1
4212 3755 -1
3755 2974 -1
2974 2625 -1
5051 4889 -1
4889 4565 -1
4565 4440 -1
5459 5436 -1
4404 3177 -1
5465 5438 -1
4913 4298 -1
4298 3974 -1
3974 3630 -1
4725 2811 -1
5465 5438 -1
4568 4071 -1
5380 5362 -1
5009 4907 -1
4907 4818 -1
4818 4455 -1
4455 4238 -1
4466 3915 -1
3915 2759 -1
5445 5311 -1
5311 5287 -1
5287 5121 -1
5121 4869 -1
4869 4351 -1
4351 3970 -1
3970 3681 -1
5435 4969 -1
4969 4713 -1
4713 4520 -1
4520 4305 -1
5386 4893 -1
4893 4785 -1
4785 4475 -1
5337 5269 -1
5269 4705 -1
4705 4645 -1
4645 4375 -1
4480 4367 -1
4099 3542 -1
2223 1645 -1
1645 1313 -1
1313 849 -1
849 382 -1
382 300 -1
5463 5398 -1
5398 5329 -1
5329 5042 -1
5042 4946 -1
5407 5383 -1
5279 2803 -1
5453 5420 -1
5420 5411 -1
5411 5401 -1
5032 3512 -1
3512 2137 -1
2137 2071 -1
5488 5485 -1
5420 5411 -1
5411 5401 -1
5488 5485 -1
3406 1668 -1
1668 1131 -1
1131 1007 -1
4795 4225 -1
4636 2897 -1
2897 2015 -1
3990 2777 -1
2777 2336 -1
5493 5338 -1
5338 4481 -1
5491 5476 -1
5476 5457 -1
5457 5405 -1
5405 5327 -1
5327 5314 -1
5376 5311 -1
5311 5287 -1
5287 5121 -1
5121 4869 -1
4869 4351 -1
4351 3970 -1
3970 3681 -1
5493 5338 -1
5338 4481 -1
2887 2285 -1
2285 968 -1
5494 4652 -1
4652 3837 -1
4738 4372 -1
4372 4255 -1
5495 3256 -1
307 229 -1
229 105 -1
1083 1071 -1
3609 3107 -1
3107 1878 -1
1083 1071 -1
3 0 1
4 1 1
4 2 1
8 0 1
6 2 1
9 1 1
11 1 1
13 0 1
16 6 1
12 10 1
21 13 1
20 1 1
17 5 1
23 0 1
15 2 1
22 9 1
24 17 1
25 7 1
28 19 1
28 26 1
34 1 1
18 10 1
27 7 1
36 3 1
32 15 1
37 17 1
35 5 1
41 26 1
43 12 1
45 19 1
42 10 1
46 18 1
39 7 1
50 37 1
49 41 1
52 45 1
51 35 1
54 3 1
56 43 1
55 6 1
59 57 1
61 21 1
60 57 1
63 25 1
62 7 1
32 18 1
69 32 1
75 57 1
75 74 1
76 2 1
73 61 1
78 60 1
81 35 1
89 85 1
84 44 1
85 78 1
91 75 1
79 65 1
96 68 1
96 95 1
97 39 1
99 65 1
92 65 1
105 36 1
110 103 1
109 92 1
119 95 1
118 112 1
127 112 1
123 121 1
115 111 1
125 123 1
126 125 1
132 121 1
128 121 1
128 119 1
140 137 1
137 118 1
142 126 1
146 139 1
122 115 1
147 124 1
138 111 1
156 7 1
161 124 1
150 129 1
150 138 1
149 148 1
152 151 1
165 124 1
166 115 1
155 153 1
169 140 1
146 84 1
177 139 1
186 129 1
181 151 1
175 172 1
190 174 1
195 161 1
183 163 1
187 172 1
197 177 1
193 152 1
189 140 1
203 175 1
191 167 1
196 192 1
207 204 1
179 153 1
208 139 1
209 199 1
201 167 1
216 137 1
190 180 1
222 169 1
214 188 1
212 167 1
225 179 1
223 198 1
217 183 1
238 163 1
200 197 1
155 24 1
239 163 1
232 223 1
205 196 1
241 81 1
246 232 1
242 167 1
248 207 1
235 220 1
249 224 1
251 167 1
254 163 1
258 221 1
266 224 1
257 256 1
253 219 1
265 175 1
245 213 1
261 188 1
269 152 1
211 148 1
262 215 1
270 169 1
279 245 1
298 272 1
275 219 1
292 219 1
291 228 1
286 274 1
311 62 1
308 300 1
302 215 1
263 219 1
283 263 1
315 246 1
316 235 1
297 256 1
302 211 1
313 288 1
289 251 1
320 308 1
289 288 1
326 286 1
324 215 1
228 152 1
323 225 1
310 268 1
331 288 1
318 220 1
303 153 1
321 244 1
335 266 1
337 330 1
291 287 1
309 235 1
343 249 1
342 244 1
338 244 1
305 266 1
346 297 1
350 332 1
356 63 1
349 345 1
336 253 1
357 213 1
339 262 1
351 284 1
360 332 1
353 149 1
379 181 1
377 358 1
355 244 1
383 201 1
365 261 1
386 248 1
388 375 1
371 315 1
391 320 1
390 258 1
392 348 1
342 341 1
389 186 1
398 322 1
314 312 1
399 352 1
381 338 1
380 199 1
395 348 1
396 259 1
404 377 1
410 337 1
314 282 1
387 314 1
411 282 1
414 386 1
409 385 1
412 381 1
401 322 1
367 288 1
399 392 1
432 366 1
426 395 1
406 322 1
434 391 1
427 360 1
436 410 1
367 287 1
443 242 1
435 350 1
437 352 1
439 268 1
417 213 1
441 349 1
438 417 1
445 205 1
446 305 1
461 453 1
472 341 1
420 401 1
362 322 1
476 205 1
478 359 1
482 327 1
430 380 1
465 415 1
488 452 1
493 217 1
492 309 1
490 384 1
474 275 1
481 426 1
470 434 1
473 457 1
500 228 1
481 447 1
496 457 1
285 284 1
508 469 1
361 220 1
416 177 1
351 347 1
487 465 1
503 436 1
462 351 1
449 407 1
467 420 1
479 458 1
513 441 1
509 310 1
486 413 1
517 84 1
425 421 1
505 314 1
451 414 1
471 275 1
484 268 1
516 503 1
475 357 1
519 491 1
515 429 1
514 419 1
450 412 1
463 359 1
521 385 1
516 512 1
491 415 1
502 490 1
450 370 1
502 480 1
486 451 1
532 435 1
532 480 1
527 282 1
538 268 1
542 361 1
546 496 1
530 440 1
507 347 1
551 523 1
540 294 1
544 524 1
526 285 1
489 428 1
533 446 1
543 416 1
523 487 1
428 199 1
550 407 1
499 284 1
547 407 1
557 432 1
552 449 1
554 427 1
556 477 1
513 458 1
531 245 1
556 519 1
545 453 1
572 461 1
537 526 1
573 405 1
553 268 1
578 321 1
579 433 1
520 385 1
582 151 1
585 557 1
520 400 1
501 219 1
577 449 1
575 452 1
574 544 1
583 188 1
570 322 1
559 530 1
576 285 1
584 484 1
589 282 1
590 499 1
591 312 1
598 468 1
495 482 1
563 285 1
605 199 1
599 312 1
587 318 1
612 574 1
567 413 1
425 326 1
617 522 1
614 610 1
619 616 1
611 449 1
622 191 1
610 608 1
627 479 1
625 370 1
518 421 1
626 608 1
619 540 1
635 412 1
597 285 1
604 501 1
632 341 1
592 419 1
588 249 1
629 614 1
629 596 1
651 494 1
656 628 1
636 631 1
642 626 1
647 628 1
654 586 1
659 566 1
655 653 1
662 650 1
666 587 1
669 615 1
671 579 1
676 607 1
653 617 1
645 365 1
655 623 1
631 594 1
687 417 1
668 603 1
672 621 1
633 312 1
621 573 1
672 651 1
677 616 1
692 463 1
679 400 1
697 596 1
695 586 1
681 551 1
685 678 1
682 440 1
667 636 1
698 347 1
674 545 1
712 671 1
703 623 1
713 712 1
677 661 1
691 686 1
705 294 1
643 320 1
701 634 1
717 685 1
648 487 1
723 603 1
737 656 1
741 686 1
714 552 1
737 658 1
740 731 1
739 650 1
725 666 1
733 691 1
709 534 1
675 639 1
630 415 1
716 586 1
638 474 1
693 294 1
757 699 1
700 603 1
754 318 1
768 580 1
752 667 1
765 699 1
751 717 1
743 728 1
781 760 1
731 676 1
566 336 1
657 638 1
618 535 1
771 693 1
749 633 1
795 362 1
793 528 1
792 678 1
726 601 1
729 690 1
786 755 1
690 673 1
763 285 1
753 474 1
799 604 1
804 794 1
748 707 1
796 770 1
804 669 1
781 703 1
788 752 1
779 618 1
798 740 1
803 639 1
813 600 1
782 256 1
736 659 1
746 707 1
796 794 1
777 674 1
815 798 1
817 770 1
730 362 1
820 406 1
826 805 1
810 696 1
759 744 1
644 596 1
828 601 1
817 728 1
440 341 1
812 779 1
846 586 1
772 714 1
805 647 1
840 743 1
848 757 1
833 779 1
823 590 1
834 704 1
766 534 1
772 707 1
853 768 1
856 430 1
800 764 1
864 758 1
866 684 1
759 695 1
803 767 1
729 385 1
862 810 1
873 813 1
831 815 1
876 651 1
865 840 1
863 842 1
881 437 1
865 855 1
871 336 1
892 773 1
824 784 1
827 657 1
821 462 1
894 878 1
889 835 1
897 695 1
895 848 1
887 644 1
898 764 1
891 648 1
880 766 1
915 484 1
920 683 1
918 725 1
886 370 1
896 534 1
808 747 1
921 420 1
888 790 1
925 733 1
745 385 1
922 835 1
924 883 1
831 751 1
894 882 1
931 860 1
899 370 1
919 421 1
704 696 1
934 842 1
822 694 1
948 527 1
945 675 1
929 219 1
822 200 1
890 535 1
949 892 1
950 934 1
902 882 1
851 641 1
762 535 1
956 746 1
953 601 1
959 850 1
960 784 1
841 303 1
970 873 1
968 824 1
972 924 1
955 888 1
978 857 1
944 932 1
979 902 1
983 863 1
966 964 1
982 597 1
961 824 1
942 694 1
981 966 1
885 590 1
973 421 1
990 605 1
991 969 1
991 877 1
995 866 1
1002 978 1
998 753 1
1004 694 1
717 360 1
1006 895 1
977 297 1
917 699 1
938 534 1
946 832 1
994 988 1
1015 979 1
988 706 1
1013 651 1
974 641 1
986 834 1
986 597 1
1008 852 1
1022 981 1
926 619 1
1012 969 1
885 851 1
1031 852 1
971 380 1
1025 370 1
673 641 1
1001 683 1
1032 1030 1
1034 719 1
1033 1016 1
1042 510 1
1000 944 1
1017 1001 1
1045 718 1
1046 829 1
1035 1007 1
1044 1033 1
936 564 1
1042 744 1
1055 1016 1
1059 638 1
1060 553 1
977 875 1
1062 692 1
1058 1030 1
1018 834 1
1070 985 1
992 476 1
1077 652 1
1075 873 1
860 810 1
1074 964 1
863 791 1
1061 673 1
1087 632 1
1093 467 1
1072 767 1
1014 639 1
1095 701 1
1094 1002 1
1058 1044 1
1057 279 1
1081 1022 1
1091 1055 1
1066 1028 1
1088 1070 1
1101 1006 1
926 899 1
1107 1064 1
1115 726 1
1053 679 1
1099 590 1
1069 472 1
1129 816 1
1114 1048 1
996 279 1
1094 1091 1
1082 279 1
1136 853 1
1078 1014 1
1134 1043 1
1133 1121 1
1123 413 1
1133 1114 1
993 683 1
1084 1027 1
1110 197 1
1124 841 1
1145 1088 1
954 810 1
1118 634 1
1073 1047 1
1121 1104 1
1151 956 1
1100 329 1
1147 458 1
1137 1107 1
1155 692 1
1158 1101 1
1117 513 1
1041 1040 1
1140 1056 1
1141 706 1
1165 1140 1
1031 1020 1
1161 777 1
1163 1071 1
1126 871 1
1051 835 1
1063 765 1
1168 1028 1
1000 920 1
1145 1137 1
1158 1122 1
1039 604 1
1169 1081 1
1000 980 1
1160 983 1
1146 219 1
1177 1047 1
954 932 1
1156 1141 1
1142 1106 1
1134 854 1
1175 987 1
1098 604 1
1180 382 1
1185 1165 1
1159 921 1
870 467 1
1188 992 1
1154 828 1
1198 312 1
1193 1031 1
1132 362 1
1005 706 1
1123 1100 1
1197 890 1
1118 929 1
1200 854 1
1190 1112 1
1067 1005 1
1097 833 1
1135 1103 1
1092 618 1
1205 879 1
1209 395 1
814 636 1
1125 634 1
623 323 1
1206 784 1
1216 1014 1
1184 1034 1
1128 1063 1
1039 1027 1
987 832 1
1219 908 1
1112 1105 1
1103 85 1
1173 1167 1
1224 862 1
1227 645 1
1220 1179 1
1231 700 1
911 801 1
1240 832 1
1109 534 1
1234 1040 1
1232 426 1
1164 630 1
854 85 1
1169 1120 1
1097 576 1
1252 1127 1
1149 471 1
1250 745 1
1256 1005 1
1257 1068 1
1245 1128 1
1241 1039 1
1173 800 1
1237 730 1
1171 1106 1
1182 870 1
1187 1080 1
1277 1220 1
1281 987 1
1276 1201 1
1041 833 1
1280 887 1
1287 998 1
1282 1080 1
1295 416 1
1228 828 1
1294 726 1
1243 1112 1
1247 1220 1
1218 1113 1
1279 1164 1
1285 1211 1
1304 1089 1
1260 526 1
1298 793 1
1312 1310 1
1315 348 1
1307 1305 1
1319 1211 1
1320 1307 1
1261 1073 1
1339 232 1
1046 801 1
1245 1010 1
1316 535 1
1302 501 1
1311 778 1
1296 1089 1
1331 535 1
1351 407 1
1329 90 1
1230 452 1
1361 1047 1
1327 1290 1
1328 1255 1
1318 1264 1
1353 1214 1
1301 993 1
1293 1046 1
1341 1263 1
1385 858 1
1354 1337 1
1394 1187 1
1388 990 1
1383 1275 1
1354 1344 1
1374 1350 1
1336 318 1
1415 1281 1
1411 1207 1
1249 964 1
1416 709 1
1297 1073 1
1368 1228 1
1407 1040 1
1338 954 1
1443 1255 1
1401 1346 1
1432 104 1
1441 1264 1
1435 1214 1
1446 1189 1
1372 1082 1
1434 723 1
1336 1327 1
1444 1053 1
1362 749 1
1408 1358 1
1458 418 1
1417 528 1
1391 762 1
1427 1214 1
1347 1106 1
1468 458 1
1413 1408 1
1418 1126 1
1466 1374 1
1368 1286 1
1401 1399 1
1475 1047 1
1465 1328 1
1400 1054 1
1386 1104 1
1486 1265 1
1258 517 1
1420 1211 1
1360 818 1
1501 1311 1
1479 1322 1
1460 1324 1
1457 1265 1
1462 1301 1
1464 626 1
1499 870 1
1427 1397 1
1410 1228 1
1512 1497 1
1376 1219 1
1346 1342 1
1515 879 1
1520 1343 1
1480 1386 1
1429 1331 1
1511 1202 1
1369 1207 1
1502 721 1
1538 1148 1
1304 1201 1
1454 1369 1
1463 715 1
1454 1386 1
1545 1131 1
1438 1234 1
1506 1187 1
1541 1105 1
1539 1497 1
1525 1255 1
1412 1079 1
1532 1347 1
1450 1438 1
1552 627 1
1358 636 1
1478 1337 1
1531 1445 1
1559 1328 1
1393 473 1
1348 937 1
1549 1323 1
1561 1273 1
1403 1400 1
1530 869 1
1455 1147 1
1553 1323 1
1519 1120 1
1564 1105 1
1544 1478 1
1518 1120 1
1491 318 1
1513 1348 1
1354 1054 1
1481 1171 1
1403 1273 1
1507 395 1
1490 1341 1
1576 1276 1
1453 93 1
1563 1483 1
1580 1488 1
1596 1067 1
1550 654 1
1590 1386 1
1595 1072 1
1360 561 1
1422 1343 1
1599 1386 1
1437 1239 1
1581 709 1
1574 1458 1
1569 995 1
1555 1451 1
1565 1249 1
1481 1089 1
1556 1084 1
1577 1220 1
1612 1557 1
1627 1348 1
1624 1341 1
1479 1237 1
1513 1347 1
1583 1343 1
1619 1405 1
1540 1255 1
1491 1405 1
1625 416 1
1607 1519 1
1602 1460 1
1585 1095 1
1634 1451 1
1570 1437 1
1609 1457 1
1387 1230 1
1579 645 1
1623 1207 1
1537 1428 1
1587 1338 1
1639 870 1
1554 1017 1
1604 1237 1
1576 1495 1
1451 1267 1
1643 1214 1
1614 1005 1
1646 862 1
1640 1576 1
1412 908 1
1621 1126 1
1650 1141 1
1663 1557 1
1266 1239 1
1665 1488 1
1653 1279 1
1594 1440 1
1676 1129 1
1672 1440 1
1649 1483 1
1656 720 1
1673 1265 1
1684 592 1
1688 1460 1
1687 1286 1
1657 1429 1
1605 416 1
1641 1105 1
1423 456 1
1678 1636 1
1648 1598 1
1333 1273 1
1695 1214 1
1610 1608 1
1661 652 1
1693 1017 1
1701 1662 1
1629 1549 1
1618 996 1
1692 1626 1
1653 1613 1
1722 1445 1
1716 1577 1
1703 1514 1
1710 1700 1
1534 994 1
1700 1512 1
1732 1565 1
1547 1290 1
1687 1500 1
1747 1570 1
1717 1309 1
1658 1540 1
1742 1481 1
1705 1372 1
1750 1440 1
1724 1241 1
1713 1500 1
1712 1579 1
1674 1576 1
1623 1597 1
1671 694 1
1745 1666 1
1760 1280 1
1754 1263 1
1782 1440 1
1777 1207 1
1787 1698 1
1781 1657 1
1797 1698 1
1779 1267 1
1799 1737 1
1751 1190 1
1710 1703 1
1780 1418 1
1786 1570 1
1736 1268 1
1796 1766 1
1793 1251 1
1818 1549 1
1767 1746 1
1817 1737 1
1824 1265 1
1815 1239 1
1827 1494 1
1822 1571 1
1683 1074 1
1769 1286 1
1774 1579 1
1783 1239 1
1842 1393 1
1821 505 1
1838 1580 1
1502 830 1
1845 1802 1
1786 1492 1
1723 1702 1
1798 709 1
1810 1105 1
1833 1248 1
1831 1258 1
1825 1500 1
792 238 1
1862 1351 1
1774 1615 1
1860 1422 1
1850 1106 1
1709 1666 1
1785 1181 1
1874 741 1
1869 1803 1
1849 1001 1
1867 1759 1
1828 1267 1
1789 1182 1
1872 1629 1
1883 1731 1
1805 1680 1
1800 1626 1
1893 1845 1
1864 1256 1
1885 1744 1
1889 1882 1
1901 1823 1
1900 1001 1
1861 1570 1
1884 1811 1
1909 1797 1
1763 998 1
1843 1683 1
1843 1490 1
1921 863 1
1920 879 1
1925 1067 1
1897 1689 1
1899 1889 1
1931 1362 1
1723 1446 1
1795 993 1
1840 1584 1
1718 1492 1
1933 1815 1
1807 343 1
1873 1840 1
1738 1393 1
1940 1780 1
1663 797 1
1918 1869 1
1841 367 1
1954 1614 1
1949 1648 1
1808 1736 1
1903 1587 1
1951 1136 1
1966 1853 1
1829 1705 1
1963 1909 1
1975 1338 1
1953 851 1
1887 1773 1
1973 1929 1
1957 1533 1
1926 1713 1
1966 1963 1
1839 1685 1
1985 1678 1
1979 1436 1
1950 1855 1
1885 1762 1
1989 1950 1
1965 828 1
1908 1855 1
1902 1733 1
1960 1297 1
1952 1911 1
1957 1602 1
1996 1929 1
1856 1808 1
1976 1839 1
1992 1831 1
1967 1678 1
1892 1791 1
1927 1825 1
1983 1911 1
1964 1890 1
1937 1907 1
2016 1919 1
2004 1692 1
2024 993 1
1912 1258 1
2023 1884 1
2000 1782 1
1959 1957 1
2033 1079 1
1868 1646 1
1906 1680 1
1977 1937 1
1996 463 1
1692 1565 1
2036 1974 1
2031 1885 1
1942 1913 1
1986 1970 1
2051 1324 1
2039 1363 1
2053 1182 1
1905 252 1
1791 1746 1
1942 1277 1
2057 1160 1
2041 1420 1
2034 1626 1
2065 1915 1
2073 1591 1
2067 1891 1
2009 1538 1
1948 1843 1
2015 1902 1
1919 1812 1
2072 958 1
2080 1812 1
2049 1527 1
1993 1857 1
2055 1930 1
2047 1634 1
2063 1571 1
2079 1911 1
1987 1887 1
1977 1803 1
1906 1547 1
2071 2056 1
2084 1744 1
2100 1935 1
2090 1554 1
2029 1907 1
1917 1857 1
1888 1436 1
2095 1923 1
2025 1436 1
1934 1436 1
2098 887 1
2109 1796 1
2120 1632 1
2119 1987 1
2064 1726 1
2124 1944 1
1794 1401 1
2014 1718 1
1326 727 1
2123 1779 1
2069 2049 1
1972 1856 1
1857 1610 1
2136 793 1
2144 1629 1
1956 1891 1
2069 2011 1
1953 1847 1
2107 1794 1
2153 1911 1
2140 2028 1
2128 2046 1
2080 1936 1
2167 1077 1
2023 1980 1
2042 1744 1
2091 2062 1
2178 1492 1
2183 570 1
2166 2024 1
2185 2099 1
2179 1822 1
2133 2014 1
2130 1919 1
2142 2110 1
2108 2052 1
2148 2147 1
2161 1988 1
2196 1436 1
2199 1972 1
2156 2077 1
2201 1604 1
2171 1835 1
2126 746 1
2210 2187 1
2202 1951 1
2088 1767 1
2213 1956 1
2074 1453 1
2228 1261 1
2138 1897 1
2200 1890 1
2219 2074 1
2229 1424 1
2214 1372 1
2232 1622 1
2233 1709 1
2209 1490 1
2186 1987 1
2242 2096 1
2193 2026 1
1873 1594 1
2180 1418 1
2219 2030 1
2240 1773 1
2052 1934 1
2124 2099 1
2188 1759 1
2222 2062 1
2170 2110 1
2169 868 1
2159 1969 1
2252 2140 1
2253 1956 1
2261 1970 1
2131 1974 1
1851 1239 1
1770 1660 1
2264 1983 1
2273 2067 1
2281 2142 1
2262 2169 1
2269 2047 1
2275 1573 1
2231 1974 1
2190 1857 1
2284 1970 1
2257 1984 1
2294 2047 1
2288 1666 1
2140 2134 1
2177 1851 1
2303 2084 1
2267 1766 1
2155 2068 1
2098 1723 1
2254 1923 1
2176 2102 1
2286 2015 1
2280 1978 1
1978 1766 1
2226 2014 1
2173 2070 1
2300 2214 1
2278 2185 1
2028 1724 1
2309 1790 1
2307 1988 1
2001 1010 1
2317 2001 1
2158 2141 1
2268 1807 1
2331 1239 1
2343 2123 1
2323 1733 1
2275 2203 1
2302 1839 1
2334 2231 1
2361 2153 1
2155 964 1
2318 1324 1
2308 2122 1
2348 1851 1
2360 1343 1
2329 1659 1
2344 1142 1
2374 1767 1
2293 1964 1
2330 2095 1
2301 868 1
2336 2307 1
1926 1829 1
2337 2293 1
2379 1389 1
1969 1936 1
2365 2220 1
2382 2073 1
2364 2148 1
2367 1830 1
2081 1773 1
2208 2186 1
2390 2254 1
2314 2266 1
2335 2312 1
2159 2093 1
2217 1869 1
2380 1915 1
2393 2234 1
2395 609 1
2332 2009 1
2399 2281 1
1997 1936 1
2368 2102 1
2410 2289 1
2364 2176 1
1915 1542 1
2317 2103 1
2311 1870 1
2388 1680 1
2249 846 1
2433 2319 1
2189 1611 1
2377 2337 1
2339 2280 1
2433 2410 1
2446 1937 1
2427 1629 1
2418 2258 1
2391 1230 1
2389 2354 1
2451 2349 1
2451 2300 1
2452 2036 1
2457 1795 1
2454 1960 1
2445 2356 1
2228 2126 1
2462 2335 1
2415 2322 1
2429 1131 1
2378 2341 1
2329 2246 1
2108 1794 1
2472 2358 1
2479 2322 1
2377 2324 1
2239 2234 1
2351 1730 1
2021 1707 1
2485 2314 1
2258 2103 1
2497 2274 1
1746 1563 1
2387 1980 1
2501 2389 1
2372 1996 1
2461 1539 1
2491 2461 1
2353 1104 1
2450 2224 1
2327 1497 1
2463 2103 1
2505 1621 1
2504 2094 1
2518 2437 1
2444 2406 1
2478 1287 1
2515 2253 1
2502 2354 1
2525 2509 1
2474 2380 1
2501 2483 1
2532 2127 1
2434 2065 1
2534 2111 1
2498 2495 1
2539 2038 1
2477 2327 1
2542 2232 1
2519 2286 1
2509 1867 1
2511 917 1
2356 2158 1
2462 2411 1
2503 2388 1
2464 1833 1
2494 2156 1
2468 1972 1
2566 2518 1
2077 1342 1
2556 2365 1
2541 2420 1
2450 2315 1
2572 2516 1
2569 2476 1
2557 2504 1
2480 1065 1
2522 2326 1
2529 1287 1
2512 2471 1
2581 2116 1
2583 1652 1
2587 1132 1
2593 2415 1
2582 2031 1
2598 2411 1
2571 1211 1
2595 1993 1
2137 1878 1
2563 2138 1
2422 2135 1
2230 1489 1
2597 2343 1
2490 1918 1
2485 2107 1
2619 2611 1
2532 2464 1
2586 1962 1
2631 2406 1
2566 2516 1
2636 2525 1
2589 2515 1
2617 2135 1
2624 2258 1
2530 2273 1
2592 2240 1
2640 2578 1
2598 2568 1
2600 2591 1
2619 2613 1
2651 2355 1
2648 2632 1
2638 2617 1
2605 2443 1
2659 2239 1
2589 2341 1
2662 1883 1
2669 2523 1
2665 1190 1
2615 1791 1
2629 2443 1
2685 909 1
2557 1065 1
2634 2510 1
2555 2239 1
2510 1722 1
2637 1899 1
2688 2590 1
2666 2536 1
2166 1727 1
403 179 1
2698 1819 1
2671 1567 1
2644 1762 1
2683 919 1
2709 2305 1
2625 1899 1
2554 2322 1
2592 2542 1
2601 2498 1
2693 1214 1
2495 2454 1
2483 2046 1
2726 2329 1
2724 1965 1
2725 415 1
2687 2315 1
2728 2418 1
2729 2668 1
2073 2011 1
2720 2454 1
2697 2519 1
2727 2674 1
2609 2046 1
2731 828 1
2699 2004 1
2730 2011 1
2740 775 1
2711 2661 1
2738 1890 1
2696 2630 1
2118 1442 1
2561 2135 1
2692 2638 1
2752 2471 1
2645 2589 1
2563 2322 1
2706 2601 1
2749 2713 1
2677 2282 1
2668 2517 1
2696 2653 1
2775 2637 1
2708 2135 1
2773 2639 1
2742 2490 1
2782 2543 1
2787 2217 1
2734 2443 1
2742 2737 1
2691 1748 1
2794 2792 1
2254 836 1
2779 2553 1
2754 2302 1
2642 2217 1
2372 2246 1
2796 2387 1
2802 2609 1
2750 2553 1
2780 2543 1
2692 2472 1
2807 1937 1
2741 2161 1
2788 2759 1
2737 2475 1
2822 2512 1
2817 2552 1
2826 2408 1
2756 2152 1
2832 2729 1
2714 2528 1
2835 1997 1
2292 2263 1
2828 2818 1
2736 2198 1
2842 1997 1
2577 2379 1
2815 2491 1
2840 2707 1
2845 1913 1
2851 1860 1
2698 2543 1
2855 2103 1
2854 2078 1
2791 1249 1
2859 2844 1
2803 1273 1
2753 2145 1
2707 1984 1
2860 2224 1
2751 2645 1
2641 955 1
2848 2795 1
2872 1742 1
2512 2328 1
2821 2591 1
2778 2490 1
2892 2693 1
2880 2618 1
2884 2476 1
2736 2735 1
2880 2621 1
2908 1709 1
2906 2473 1
2756 2606 1
2921 2178 1
2898 1517 1
2798 1984 1
2785 2699 1
2869 2853 1
2934 2896 1
2823 2274 1
2926 2088 1
2930 2108 1
2639 2274 1
2509 738 1
2790 1665 1
2913 1463 1
2942 1492 1
2848 2263 1
2686 2468 1
2947 2131 1
2644 2173 1
2940 1750 1
2920 2849 1
2843 580 1
2945 1650 1
2957 1285 1
2628 1603 1
2953 2263 1
2658 2274 1
2961 2480 1
2924 2581 1
2778 2679 1
2968 2715 1
2928 2292 1
2978 2334 1
2972 1155 1
2982 2910 1
2966 2548 1
2985 1763 1
2935 2551 1
2806 1483 1
2958 2888 1
2976 1793 1
2886 2800 1
2991 2815 1
2963 2817 1
2909 2753 1
2994 2852 1
2487 2312 1
2990 2883 1
2786 2768 1
2963 2888 1
3010 2713 1
3015 2234 1
3016 2848 1
3013 1794 1
2877 2077 1
2969 2707 1
3018 1785 1
3008 2986 1
2923 2863 1
2992 2983 1
2991 2901 1
2964 246 1
2990 2334 1
2971 2773 1
2973 2709 1
2936 2135 1
3000 2680 1
3034 2244 1
2912 2852 1
2994 2959 1
2975 2186 1
3030 3001 1
3022 2975 1
2879 2258 1
3053 2688 1
3031 2472 1
2578 2292 1
2768 2639 1
3065 2764 1
3017 2328 1
3014 2260 1
2444 2193 1
2877 1442 1
2656 2225 1
3041 2886 1
3075 2600 1
3079 2185 1
3068 2780 1
2988 2292 1
3039 2202 1
3008 2894 1
2961 2942 1
3092 504 1
3090 2680 1
3091 3020 1
3001 2983 1
3056 1899 1
2935 1422 1
3071 2920 1
2223 1603 1
3074 2976 1
2997 2795 1
2984 2864 1
3110 3078 1
3095 3029 1
2929 2801 1
3115 2671 1
3114 2952 1
3108 1892 1
3123 3063 1
3062 2952 1
3132 2426 1
3103 3082 1
3121 1955 1
3067 2808 1
3063 2428 1
3044 2922 1
3083 2836 1
3116 2996 1
3082 2663 1
2471 2357 1
3046 2808 1
3025 902 1
3029 2720 1
3137 3071 1
2952 2054 1
3006 2758 1
3175 2582 1
3118 3003 1
3042 2590 1
3180 3044 1
3186 2900 1
3169 1844 1
3134 1910 1
3183 2728 1
3156 3094 1
2590 2428 1
3184 2505 1
3045 2775 1
3109 2593 1
3193 3057 1
2969 1922 1
3139 2959 1
3061 853 1
3199 2822 1
3201 733 1
2993 2478 1
3160 2911 1
3202 2510 1
3150 3149 1
3171 2758 1
3154 2367 1
2749 2691 1
2881 2007 1
3194 3143 1
3210 3075 1
2923 2218 1
3205 3077 1
3189 2738 1
3179 388 1
3209 2968 1
3177 3126 1
3140 3095 1
3207 2798 1
3204 2950 1
3061 3052 1
3143 3115 1
3121 2875 1
3159 2879 1
3216 2109 1
3152 469 1
3150 1521 1
3206 2740 1
3203 3167 1
3208 3137 1
3118 2575 1
2950 2929 1
3225 3046 1
3144 972 1
2869 1405 1
3218 3091 1
3099 2939 1
3234 2996 1
3185 2949 1
3237 1683 1
3126 3077 1
3236 2993 1
3227 3086 1
3246 2434 1
3247 1862 1
3218 3192 1
3181 575 1
3244 1684 1
3256 2721 1
3245 2928 1
3103 3099 1
3203 2808 1
3263 2873 1
3091 2845 1
3155 1752 1
3160 3052 1
3240 3217 1
3269 2315 1
2939 2838 1
3265 3063 1
3212 2998 1
3248 2895 1
3257 3211 1
3280 2788 1
3241 3195 1
2822 2145 1
3248 2783 1
3141 2883 1
3014 2109 1
3241 3211 1
2830 2665 1
3289 2950 1
3157 2788 1
3281 2862 1
3081 2950 1
3295 2765 1
3252 3093 1
3292 3176 1
3302 3166 1
3255 2312 1
3292 2630 1
3078 3001 1
3296 3075 1
3253 2019 1
3270 2953 1
3229 2564 1
3158 2428 1
3212 2396 1
3315 2845 1
3318 3189 1
3317 2885 1
3338 2062 1
3340 1718 1
3328 2734 1
3341 3010 1
3330 2524 1
3321 3030 1
3227 3031 1
3349 1251 1
3086 2751 1
3306 2811 1
2648 2145 1
3348 3221 1
3310 2824 1
3361 2041 1
3366 2758 1
3365 3255 1
2836 2564 1
3057 2886 1
3342 3339 1
3310 2704 1
3119 1811 1
3348 2984 1
3359 1292 1
3356 3048 1
2954 1924 1
3347 3346 1
3378 1743 1
3087 2758 1
3379 3016 1
3388 3224 1
3371 2959 1
3375 3257 1
3383 2800 1
3355 2883 1
3396 3116 1
3195 2847 1
3358 2530 1
3350 3329 1
3221 3057 1
3397 1584 1
3364 2377 1
3225 3032 1
3360 2987 1
3386 3234 1
3359 2352 1
2929 2351 1
3072 1540 1
3408 1435 1
3185 3176 1
3414 3035 1
3398 1759 1
3417 2323 1
3424 3205 1
3415 2503 1
3384 3343 1
3412 3298 1
3430 3193 1
3436 2929 1
3434 3295 1
3435 3356 1
3434 3305 1
3412 2846 1
3420 3208 1
3388 2901 1
3286 3113 1
3413 3371 1
3419 3069 1
3411 3380 1
3344 2951 1
3453 2992 1
3400 3296 1
3390 3380 1
3445 2062 1
3458 3262 1
3460 3157 1
3452 3419 1
3447 3375 1
3462 2947 1
3410 1851 1
3421 3134 1
3473 3350 1
3464 977 1
3401 1677 1
3329 3305 1
3461 3344 1
3486 3411 1
3485 2717 1
3493 3175 1
3416 3221 1
3478 3375 1
3498 2922 1
3501 3346 1
3504 3028 1
3446 3411 1
3484 2389 1
3116 2500 1
2675 2102 1
3488 3069 1
3509 1308 1
3476 1473 1
3499 1892 1
2633 2538 1
3504 3226 1
3503 3447 1
3505 2017 1
3522 3270 1
3480 2609 1
3518 3289 1
3519 2972 1
2951 2621 1
3277 3046 1
3360 3282 1
3540 3358 1
3534 3502 1
3370 3217 1
3544 3080 1
3552 3018 1
3542 3087 1
3541 2853 1
3316 3286 1
3511 2971 1
3287 1967 1
3548 3467 1
3441 2808 1
3564 3446 1
3437 3352 1
3550 3483 1
3526 3312 1
3558 3478 1
3526 3357 1
3503 3492 1
3557 3483 1
3431 3322 1
3579 3535 1
3456 2910 1
3509 3506 1
3192 2992 1
3424 2833 1
3591 3528 1
3524 3472 1
3595 3568 1
3569 3067 1
2163 663 1
3586 2702 1
3439 3373 1
3461 2567 1
3584 3032 1
3587 3391 1
3562 3218 1
3534 3426 1
2445 1206 1
3607 3543 1
3618 3514 1
3559 3358 1
3575 3518 1
3567 3312 1
3623 3441 1
3399 2836 1
3589 3538 1
3448 3151 1
3538 3535 1
3603 3321 1
3588 3443 1
3635 3540 1
3634 3334 1
3627 3069 1
3593 3575 1
3635 3366 1
3601 3081 1
3641 2579 1
3642 3488 1
3644 3502 1
3637 2641 1
3646 3437 1
3639 3581 1
3568 2908 1
3657 3473 1
3594 2630 1
3639 2856 1
3649 3600 1
3532 3508 1
3667 3549 1
3676 3483 1
3678 3399 1
3652 3129 1
3630 3593 1
3675 2084 1
3596 3334 1
3683 3679 1
3689 3140 1
3672 3532 1
3684 3674 1
3687 3616 1
3693 3611 1
3697 2979 1
3676 3589 1
3687 3158 1
3572 3323 1
3622 3345 1
3697 3463 1
3680 3590 1
3711 3233 1
3600 3572 1
3631 1878 1
3693 3669 1
3277 3192 1
3684 1892 1
3413 3070 1
3694 3306 1
3695 3513 1
3711 3582 1
3709 2421 1
3714 3564 1
3693 3072 1
3705 3472 1
3732 3594 1
3595 3126 1
3733 3674 1
3731 3244 1
3706 3506 1
2579 1412 1
3756 3683 1
3757 2209 1
3736 3522 1
3673 3667 1
3233 109 1
3759 3588 1
3556 3369 1
3598 3441 1
3662 1823 1
3685 2935 1
3628 3620 1
3677 3591 1
3764 2970 1
3769 3111 1
3768 2877 1
3634 3573 1
3615 3370 1
3716 3665 1
3590 3513 1
3739 2801 1
3573 2367 1
3653 3581 1
3787 3513 1
3400 3279 1
3584 3282 1
3734 1545 1
3793 3258 1
3704 3085 1
3452 2422 1
3719 2785 1
3656 3361 1
3785 2176 1
3779 2725 1
3643 732 1
3713 3681 1
3703 3656 1
3788 3704 1
3812 3435 1
3665 3175 1
3818 2802 1
3777 3772 1
3640 3393 1
3691 3590 1
3823 2940 1
3825 3815 1
3803 3334 1
3820 3015 1
3831 3532 1
3671 3316 1
3819 2222 1
3777 3726 1
3833 2144 1
3628 3546 1
3830 3664 1
3801 2202 1
3829 2906 1
3841 3488 1
3590 2748 1
3809 3672 1
3827 3809 1
3837 3726 1
3722 3215 1
3647 3530 1
3778 3588 1
3846 3664 1
3860 3492 1
3861 3772 1
3807 2396 1
3872 3836 1
3836 2384 1
3876 3217 1
3878 3734 1
3832 3807 1
3873 3030 1
3862 3708 1
3833 3699 1
3854 2973 1
3840 3282 1
3844 1741 1
3868 3143 1
3851 3708 1
3895 3664 1
3891 3277 1
3725 3074 1
3898 3866 1
3742 1244 1
3902 3587 1
3896 3351 1
3719 2978 1
3876 3525 1
3882 3209 1
3790 2870 1
3886 2944 1
3906 3831 1
3703 3305 1
3763 2545 1
3931 3713 1
3858 2546 1
3934 2671 1
3760 3742 1
3916 2833 1
3911 2856 1
3936 3782 1
3938 3364 1
3951 2911 1
3953 3827 1
3782 3664 1
3792 2379 1
3945 3647 1
3808 3530 1
3946 3044 1
3907 3596 1
3956 2222 1
3949 3659 1
3955 3453 1
3941 3903 1
3960 3625 1
3902 3898 1
3962 3045 1
3933 3252 1
3938 3925 1
3950 2161 1
3976 3511 1
3709 3229 1
3814 3202 1
3947 2668 1
3839 2224 1
3978 3548 1
3907 3673 1
3960 3927 1
3929 3432 1
3971 1517 1
3983 3816 1
3965 3845 1
3985 3712 1
3851 3696 1
3995 3603 1
3930 3806 1
3811 1845 1
3967 1914 1
3926 3565 1
3863 2944 1
3945 3641 1
3966 1626 1
3690 3626 1
4006 3830 1
4007 3095 1
3985 2402 1
3769 2980 1
3991 3860 1
4008 3816 1
3986 3118 1
3737 3269 1
4001 3530 1
4011 3881 1
4009 3738 1
3943 2267 1
4024 2447 1
4021 2177 1
4027 3942 1
3766 3665 1
4022 2865 1
4028 3851 1
4041 3808 1
3777 3345 1
4042 2740 1
4032 3861 1
3958 3227 1
3908 3886 1
4046 3926 1
4040 4031 1
3977 3811 1
4032 3799 1
4043 4001 1
3930 3323 1
4057 3845 1
4070 3997 1
4072 3997 1
4048 3782 1
4066 3984 1
4071 3722 1
4070 1325 1
3981 2716 1
4020 3927 1
3957 3069 1
4080 2596 1
4098 3811 1
4087 4011 1
4031 2128 1
4056 3963 1
3969 3806 1
4092 3584 1
4091 1012 1
4114 3001 1
4064 3282 1
4026 2200 1
4073 4028 1
3953 3194 1
4085 3962 1
4052 3508 1
4115 4111 1
4131 1921 1
4132 3520 1
4023 3920 1
3956 3605 1
4133 4066 1
4120 3803 1
4106 3021 1
3889 2368 1
3989 1424 1
4101 2202 1
4111 4105 1
4083 3087 1
4142 4126 1
4130 3737 1
4152 3917 1
3963 3916 1
4065 3314 1
4159 2128 1
4078 1885 1
4158 2160 1
4023 3098 1
4163 4085 1
4033 3314 1
4123 3827 1
4102 1961 1
3859 3205 1
4170 4044 1
4183 3988 1
4152 3982 1
4089 3623 1
4095 3274 1
4188 3429 1
4187 4150 1
4140 3791 1
3652 3334 1
4142 2334 1
4095 4024 1
4187 4170 1
4186 4164 1
4161 3006 1
4155 2477 1
4175 1891 1
4197 4146 1
4173 4164 1
4180 4041 1
3952 64 1
4138 4032 1
4210 2923 1
4162 737 1
4191 3976 1
4197 4154 1
4125 4046 1
4184 4077 1
4223 4150 1
3205 1958 1
4229 3542 1
4232 4186 1
4196 4194 1
4233 3942 1
4235 4065 1
4234 3577 1
4191 3961 1
4213 4071 1
4248 4017 1
4238 4211 1
4243 4200 1
3903 3548 1
4248 4224 1
4245 2200 1
4252 4211 1
3766 3616 1
4266 3444 1
4194 4095 1
4228 4211 1
4265 4140 1
4203 3404 1
3909 3357 1
4226 2448 1
4255 3975 1
4133 3725 1
4270 4183 1
4200 1582 1
4286 4151 1
4202 3229 1
4289 4054 1
4261 3356 1
4015 3917 1
4284 4232 1
4301 4267 1
4253 4151 1
4308 4284 1
4320 4253 1
4306 109 1
4263 4196 1
4328 4262 1
4316 4151 1
3854 3307 1
4239 4068 1
4279 4249 1
4155 3581 1
4343 2415 1
4222 3917 1
4339 3846 1
4348 4125 1
4318 3856 1
4331 3845 1
4354 4112 1
4350 2242 1
4353 4308 1
4363 1888 1
4355 4344 1
4368 2422 1
4367 4329 1
4260 3167 1
4327 4015 1
4314 4102 1
4304 4237 1
4280 2316 1
4283 410 1
4370 3644 1
4382 4116 1
4336 4204 1
4330 4108 1
4381 4302 1
4318 3870 1
4054 3444 1
4344 4054 1
4305 4151 1
4389 1526 1
4391 2925 1
4400 1752 1
4398 4285 1
4380 3981 1
4390 3161 1
4385 4375 1
4222 4080 1
4268 4243 1
4297 4258 1
4405 4336 1
4279 3841 1
4409 4175 1
4426 4270 1
4002 3922 1
4430 4117 1
4432 3260 1
4396 3370 1
4438 2550 1
4447 4384 1
4426 4374 1
4439 4420 1
4399 2582 1
4435 3975 1
4269 3616 1
4467 4287 1
4470 3778 1
4478 1899 1
3923 2489 1
4482 1848 1
4441 4088 1
4350 4134 1
4375 2818 1
4481 4440 1
4419 4204 1
4461 4111 1
4344 4311 1
4423 4148 1
4500 533 1
4431 3619 1
4457 4173 1
4497 4474 1
4420 4408 1
4473 3515 1
4510 4498 1
4409 4387 1
4518 4468 1
4468 3837 1
4517 2479 1
4474 4425 1
4485 4054 1
4529 4204 1
4530 3828 1
4525 4189 1
4526 4511 1
4540 4497 1
4540 4521 1
4549 4405 1
4544 4525 1
4550 4053 1
4503 3158 1
4458 2250 1
4533 4207 1
4223 1131 1
4557 4447 1
4572 3728 1
4493 4358 1
4574 4549 1
4462 2200 1
4447 4048 1
4561 4536 1
4227 4225 1
4576 4421 1
4580 4534 1
4581 572 1
4501 3767 1
4594 3838 1
4601 4563 1
4600 4250 1
4598 4461 1
4586 3730 1
4604 4601 1
4614 2990 1
4616 2142 1
4618 2489 1
4541 3523 1
4613 4390 1
4609 4524 1
4267 4254 1
4630 4518 1
4620 4458 1
4589 4431 1
4631 4579 1
4619 4227 1
4233 3577 1
4625 2922 1
4490 4127 1
4525 4511 1
4640 4180 1
4637 4623 1
4555 4225 1
4651 1855 1
4635 4628 1
4562 3031 1
4656 4655 1
4439 3725 1
4671 4621 1
4669 4380 1
4620 4353 1
4615 3089 1
4215 3545 1
4679 4457 1
4675 4563 1
4653 1134 1
4687 2360 1
4660 4634 1
4619 4536 1
4481 4475 1
4706 4627 1
4702 4671 1
4709 4430 1
4703 4424 1
4663 3485 1
4714 3145 1
4709 4702 1
4674 4634 1
4720 4345 1
4717 4604 1
4711 4706 1
4634 3271 1
4716 453 1
4668 2384 1
4729 4627 1
4743 4729 1
4723 4057 1
4744 3875 1
4643 4406 1
4755 4719 1
4733 4472 1
4750 4729 1
4755 4731 1
4771 4629 1
4644 1949 1
4772 4717 1
4763 4587 1
4753 2955 1
4756 4515 1
4629 2814 1
4776 4379 1
4741 4636 1
4789 4761 1
4789 4772 1
4781 4628 1
4768 4091 1
4779 4771 1
4730 4655 1
4796 4773 1
4782 4561 1
4740 1949 1
4787 4696 1
4802 4656 1
4740 4735 1
4774 3357 1
4786 4754 1
4777 4076 1
4769 4162 1
4815 4777 1
4750 3858 1
4822 4757 1
4808 4398 1
4820 4585 1
4811 2940 1
4763 4756 1
4826 4225 1
4599 4254 1
4804 4279 1
4827 2955 1
4339 4204 1
4806 4161 1
4792 4279 1
4834 4813 1
4844 4821 1
4790 4398 1
4405 3583 1
4841 4775 1
4851 4844 1
4848 4840 1
4635 4313 1
4796 4073 1
4846 4730 1
4819 1420 1
4841 3465 1
4868 4234 1
4884 4782 1
4556 3537 1
4863 4202 1
4891 4822 1
4855 4720 1
4884 4813 1
4891 4735 1
4896 4863 1
4899 4753 1
4867 4630 1
4908 4852 1
4908 4856 1
4918 4783 1
4919 4293 1
4911 4561 1
4936 648 1
4841 4685 1
4924 3885 1
4897 3701 1
4934 4915 1
4931 1944 1
4915 4395 1
4946 4599 1
4844 4630 1
4696 4635 1
4945 4240 1
4963 4960 1
4956 3506 1
4954 4862 1
4966 4830 1
4950 4918 1
4973 4929 1
4973 4855 1
4974 4212 1
4848 4714 1
4968 4746 1
4975 4929 1
4942 4929 1
4980 2510 1
4970 4438 1
4917 1707 1
4983 4718 1
4986 3173 1
4960 4602 1
4985 3355 1
4984 4968 1
4995 4219 1
5001 4950 1
5002 4940 1
4977 4847 1
5012 4927 1
4987 4897 1
5020 5011 1
5024 3925 1
5026 3501 1
5029 2427 1
5036 4334 1
5038 5020 1
5046 4131 1
5041 4808 1
5039 4701 1
5038 5031 1
5045 4795 1
5053 1175 1
5050 842 1
5056 4792 1
5048 4957 1
5060 5034 1
4939 3378 1
5058 3515 1
5064 4199 1
5059 4817 1
5045 5014 1
5066 4974 1
5062 4191 1
5075 3636 1
5072 4816 1
5074 5015 1
5037 4238 1
5082 4886 1
5086 4878 1
5093 3466 1
5098 5087 1
5094 4781 1
5094 5079 1
5109 4030 1
5114 3983 1
5105 4532 1
5111 5087 1
5118 5100 1
5124 5100 1
5118 4204 1
5120 3875 1
5127 4082 1
5151 5097 1
5141 4657 1
5152 4206 1
5144 5107 1
5157 5135 1
4481 2621 1
4682 2961 1
5150 5135 1
5139 4046 1
5166 5147 1
5158 5103 1
5174 5069 1
5176 3382 1
5179 4796 1
5147 4627 1
5168 4323 1
5189 3101 1
5189 5183 1
5196 4578 1
5184 2020 1
5186 4730 1
5201 5094 1
5049 2882 1
5178 4972 1
5206 5205 1
5207 4936 1
5200 3999 1
5206 5080 1
5212 4904 1
5194 5134 1
5210 3166 1
5221 5174 1
5223 4904 1
5230 5105 1
5175 5111 1
5236 5055 1
5240 4136 1
5232 5200 1
5241 5231 1
5246 4732 1
5247 5185 1
5229 4488 1
5257 2424 1
5275 5274 1
5282 4821 1
5283 5138 1
5249 85 1
5271 1050 1
5276 5231 1
4488 3250 1
5305 2307 1
5308 5301 1
5309 5301 1
5310 5294 1
5299 4951 1
5314 5309 1
5321 5308 1
5270 4712 1
5318 5010 1
5330 5244 1
5333 1248 1
5319 4999 1
5335 5122 1
5344 5307 1
5345 5339 1
5341 5333 1
5347 3392 1
5320 3043 1
5352 2143 1
5356 5348 1
5356 5343 1
5310 3890 1
5359 4571 1
5362 5305 1
5364 5343 1
5370 5164 1
5372 5320 1
5345 4991 1
5369 5296 1
4871 2648 1
5382 5014 1
5381 2355 1
5389 5321 1
5397 5396 1
5383 4854 1
5397 5354 1
5402 5384 1
5394 5224 1
5406 5394 1
5406 5404 1
5409 4375 1
5412 4651 1
5413 3034 1
5416 4275 1
5402 4807 1
5422 5243 1
5421 5319 1
5411 5270 1
5427 2192 1
5436 4271 1
5440 5439 1
5440 5437 1
5424 5228 1
5441 4561 1
5439 5438 1
5448 5260 1
5444 5430 1
5443 5293 1
5451 5267 1
5462 4652 1
5468 4999 1
5469 5388 1
5471 4990 1
5472 5468 1
5473 5472 1
5477 5473 1
5478 5465 1
5480 5478 1
5486 5138 1
5489 5419 1
5488 5165 1
5492 5424 1
74 59 2
724 178 2
1521 1299 2
1558 330 2
1408 631 2
1586 569 2
2164 642 2
2204 293 2
1929 939 2
2370 348 2
2373 249 2
2575 1074 2
2380 1350 2
2974 1889 2
3018 1292 2
3099 2146 2
2553 2459 2
3595 3336 2
3918 2680 2
3957 2700 2
3767 2056 2
4192 2100 2
4138 3612 2
4193 1744 2
4489 3090 2
4647 4308 2
4567 3726 2
4831 1986 2
4825 3465 2
4773 3851 2
4909 3158 2
5019 2948 2
5026 3347 2
4728 4395 2
4886 2838 2
4999 4536 2
5018 1772 2
5124 4204 2
5199 2288 2
5162 4810 2
5166 4750 2
5267 4084 2
5313 93 2
5396 5345 2
5401 5231 2
5432 4634 2
5446 5297 2
55 42 2
567 339 2
1110 942 2
1385 1208 2
1572 420 2
1706 627 2
1496 117 2
1671 1605 2
2119 1773 2
1728 1585 2
1868 1849 2
2221 76 2
1781 1674 2
1691 1329 2
2320 2171 2
2797 2003 2
2423 1288 2
2930 2837 2
2251 599 2
2455 2251 2
3254 1009 2
3184 2677 2
2962 2855 2
2839 2087 2
3495 664 2
3246 1600 2
3319 2722 2
2905 2810 2
3341 2391 2
3637 1257 2
3055 2754 2
3662 2911 2
3757 3661 2
2560 2507 2
3944 2342 2
3644 2042 2
4009 3709 2
3872 1206 2
4091 1373 2
3893 3677 2
3401 2946 2
3788 3692 2
3647 2236 2
3731 3383 2
3929 3884 2
4231 4042 2
3183 2641 2
3974 3969 2
3995 3822 2
3854 3802 2
3302 3230 2
4304 4125 2
4265 3696 2
3690 3561 2
4117 290 2
4543 3759 2
4377 3576 2
4196 2447 2
4143 2162 2
4667 4650 2
4721 4410 2
4149 4120 2
4260 3557 2
2708 2129 2
4012 3847 2
4572 4288 2
4188 3873 2
4089 4021 2
4434 3954 2
4875 1656 2
4595 4283 2
4906 3554 2
4842 443 2
3780 3727 2
4842 3408 2
4669 4348 2
4548 3888 2
3865 3554 2
4981 3515 2
4589 4244 2
4876 4559 2
4891 3476 2
4721 2957 2
4556 3586 2
4328 3839 2
4700 4640 2
4966 4504 2
5062 5019 2
4459 4401 2
5105 5070 2
4762 3135 2
5059 4852 2
5039 4919 2
4976 4819 2
5078 5066 2
5123 3011 2
5126 5074 2
4453 3190 2
4977 4299 2
5159 4396 2
5037 4766 2
5195 5158 2
5142 2584 2
5053 4894 2
5031 4786 2
5190 5033 2
4788 4749 2
4995 4954 2
5239 5227 2
5143 5082 2
4776 3650 2
5143 5044 2
5154 5151 2
5285 5236 2
5088 5086 2
5313 1152 2
5106 5058 2
4596 4342 2
5283 5133 2
5337 4971 2
5225 5175 2
4793 2931 2
5029 4292 2
4400 3818 2
4580 4519 2
5362 2943 2
5196 4697 2
5347 4417 2
5347 5101 2
5313 3720 2
5131 5061 2
5176 5077 2
5156 4356 2
4236 2887 2
4414 975 2
5242 5008 2
5336 5330 2
5248 5205 2
5048 3529 2
5432 5395 2
5000 4487 2
2743 1751 2
4984 4864 2
4952 4734 2
5353 4725 2
5460 5016 2
5379 5136 2
5404 5397 2
5304 5291 2
5428 5425 2
5409 5051 2
5459 4404 2
5477 5462 2
5009 4466 2
5445 5435 2
4480 4099 2
5480 5463 2
5407 5279 2
5485 5471 2
4663 3990 2
4738 4733 2
